#'chr'	'start'	'end'	'wt_108h_RAD21_rep1_Normalized.bigwig'	'wt_108h_RAD21_rep2_Normalized.bigwig'	'wt_132h_RAD21_rep1_Normalized.bigwig'	'wt_132h_RAD21_rep2_Normalized.bigwig'	'wt_144h_RAD21_rep1_Normalized.bigwig'	'wt_144h_RAD21_rep2_Normalized.bigwig'	'wt_144h_RAD21_rep3_Normalized.bigwig'	'wt_168h_RAD21_rep1_Normalized.bigwig'	'wt_48h_RAD21_rep1_Normalized.bigwig'	'wt_72h_RAD21_rep1_Normalized.bigwig'	'wt_72h_RAD21_rep2_Normalized.bigwig'	'wt_84h_RAD21_rep1_Normalized.bigwig'	'wt_84h_RAD21_rep2_Normalized.bigwig'	'wt_96h_RAD21_rep1_Normalized.bigwig'	'wt_96h_RAD21_rep2_Normalized.bigwig'	'wt_96h_RAD21_rep3_Normalized.bigwig'
chr2	73924862	73925695	46.35202613684024	49.082220401512046	67.07580602355078	63.291795555113914	56.075334848905385	62.91171655506074	64.46778834367	34.99020822222779	46.6788522598981	44.8334985086564	39.9049784292837	40.05334076532224	48.32287192659504	49.89526047998545	45.46051543443	48.933470603512404
chr2	73965438	73966222	49.99343685471282	67.74646055211826	94.32420259105916	54.305929675836516	87.52631402988823	71.82883336106126	47.19211480690508	59.314710583005635	48.27701360838754	27.720939694618693	26.629260888513254	63.19644458318243	37.88676378313376	68.46477583233191	41.21437375764457	58.12563490137762
chr2	74027548	74028378	37.821811696707485	43.192479310552756	50.49993174449507	50.204535914877546	44.08860829364823	43.95616471393999	40.365161221860404	36.04749893108046	39.00067857144827	24.752725019162657	35.709664224716555	33.07233223053346	39.39935213686472	28.425653922126955	38.43730207150241	44.11460619834532
chr2	74066471	74067218	180.44399882448087	152.07643434353463	219.99330769325675	147.74199080145152	188.91274239005173	198.60601112130814	179.71491895877372	113.92320554291548	177.41161478954146	146.6410762054055	200.33676944615212	183.15169980663214	154.66713761070486	166.58325153948311	184.3844584729298	224.27587277822226
chr2	74300078	74300891	83.55325906479051	71.29791290029829	116.24030374806159	62.915481964933726	108.05424487781407	82.08782042143237	67.79551785223892	67.40565893306943	51.39233368407903	32.90280527831982	43.33052586160169	74.34454625353749	53.87421461459602	88.5302989438891	58.214448555809106	54.453830268550185
chr2	74964131	74964973	163.5161998685352	135.62118161489164	228.88227897698408	115.90061813450045	179.26347718952388	107.58299748971173	107.39933702668215	74.87312277025961	44.519459725558896	58.115968008033825	48.71490529314073	117.34162546280162	86.98997096381107	151.36505849570958	103.39406286792348	109.95616769224334
chr2	75055034	75055774	97.04409072979077	75.73809646657995	105.2879873121107	63.64761121688955	74.76812794659588	69.2199353334066	80.94714721344613	58.958574240916484	38.34531802100104	16.031230834368113	44.969333753769725	34.24676015183732	44.57141534798854	82.23643338486956	46.90205433239808	61.71703239775993
chr2	75137773	75138573	175.24139554977418	199.97237969398498	191.60603374958038	201.1669238836115	187.7450041103363	204.5943833065033	196.6236645793915	156.5078842496872	111.90056481838226	77.48555016199748	135.79284710645675	97.57556631088256	160.65892396450042	132.7750818681717	187.29862139463424	161.955443110466
chr2	75150516	75151378	71.97370342657904	54.43939844306273	65.55584852435473	41.798331771815185	70.89686566051917	40.94079640016755	34.438732554907034	36.54585447499481	29.25000691579832	26.35242352205267	25.406919263078553	37.59504643200169	30.288646597735013	60.63645775522821	37.68643702514763	43.5640021321945
chr2	75152248	75153070	93.84070366026421	46.64426280112162	84.91892966388787	36.20798030550357	80.98920886185917	37.84903505364764	35.563590842151875	40.763455709981805	26.295505259158837	17.464237876762148	19.58616292673153	50.18520274591562	28.847602964027665	77.79305779904925	35.91448598186465	34.661305984441384
chr2	75311996	75312870	86.31344810721531	81.8441883344672	105.86672991964309	59.93088507528287	104.07481811794045	70.94844640583413	56.3751062412102	60.35898979195741	68.13886160708674	39.030090997789415	47.70472154246315	70.62942185609236	53.78080713285188	79.52785861628551	63.88642542422227	72.5037632774161
chr2	75588322	75589177	150.99754507053666	105.35858258252952	176.00113816289178	104.12821745155087	160.46181129321718	122.69589876766094	112.18423632683113	63.41956684268706	77.18344107510751	73.14879438575016	103.22981589914065	135.53596933376022	81.03585508803876	159.03624643247727	113.98378988009448	115.44887715389854
chr2	75589949	75590821	104.06352572375481	70.66420723210781	102.33091515576074	79.89346586613978	94.37406091515078	88.95961501510865	76.53353509569185	68.18264490858131	64.0187727475385	65.9520346258001	93.37180265920972	97.5816415209289	66.42328055079923	106.93207539987127	69.88992239575867	78.12216886522573
chr2	75602939	75603715	26.527824222427054	15.67382740790082	36.27512829574113	17.18005247571922	31.49361981639696	19.725875380727434	13.572735580817326	8.338534348404284	15.2166693493263	5.104137939565715	8.443438887951979	23.68120777760584	7.159056026450138	31.511604854741048	12.863855746142644	10.593595660531644
