#'chr'	'start'	'end'	'wt_108h_RAD21_rep1_Normalized.bigwig'	'wt_108h_RAD21_rep2_Normalized.bigwig'	'wt_132h_RAD21_rep1_Normalized.bigwig'	'wt_132h_RAD21_rep2_Normalized.bigwig'	'wt_144h_RAD21_rep1_Normalized.bigwig'	'wt_144h_RAD21_rep2_Normalized.bigwig'	'wt_144h_RAD21_rep3_Normalized.bigwig'	'wt_168h_RAD21_rep1_Normalized.bigwig'	'wt_48h_RAD21_rep1_Normalized.bigwig'	'wt_72h_RAD21_rep1_Normalized.bigwig'	'wt_72h_RAD21_rep2_Normalized.bigwig'	'wt_84h_RAD21_rep1_Normalized.bigwig'	'wt_84h_RAD21_rep2_Normalized.bigwig'	'wt_96h_RAD21_rep1_Normalized.bigwig'	'wt_96h_RAD21_rep2_Normalized.bigwig'	'wt_96h_RAD21_rep3_Normalized.bigwig'
chr2	74655418	74656441	15.300828567814385	16.11097917951408	12.462468041871215	17.205218701662197	12.114151849042202	16.932273575753875	18.071340913987687	37.20520544751299	5.088784742681629	6.625614591357994	3.1956944093582735	20.412581869817082	17.83510954914641	20.652319485025995	9.018815460326268	7.571445452036629
chr2	74661604	74662487	160.99950328580655	114.84065936942872	127.19570116710555	137.9324717537868	155.39282848664885	132.81035812740822	143.8612613270764	131.83253629561324	82.07708519474431	78.85647341943138	98.0132782289153	96.58253897194955	96.69179200748086	123.03255047479546	123.33756233854714	103.10808039845588
chr2	74663288	74664158	54.18898706107304	64.6502805797533	73.19206941977315	65.90439373721898	67.28356109049129	63.37226769019817	59.90987354926528	67.24424153470444	29.841963026989465	37.98306937382139	35.02357116841722	55.74707052406223	50.507072508472135	65.54693294612841	37.500506321041065	40.0920411416854
chr2	74672680	74673474	51.749206454087265	54.38195085525513	58.95263114083624	65.59139033501663	78.91202136070963	70.85117579587461	58.70064272027772	58.03983229533851	71.79967848539953	63.31695979107937	89.12138032312657	88.49808281434873	70.60785845364971	73.15411828807379	66.5344801309427	65.8676817170919
chr2	74686136	74686883	33.82566198734554	25.37271079736222	49.45414929217603	23.753460284638493	27.648254857963348	24.1030297668743	24.05220294094469	42.00793131990446	2.9121546458048995	4.040155991333396	14.29743170259468	16.072791894915273	7.503058742008695	19.870190486371758	11.203970806984858	10.373143644856322
chr2	74691421	74692232	117.85945138801922	77.4247793922001	110.9264453695088	103.31275357196262	111.18139920781485	92.67371058669838	95.89621661594263	80.18729986480074	38.70267081819245	28.393267716785246	49.10248276455335	55.91949786975263	58.64068573470768	80.65693649498955	66.25874534517564	73.23613397290174
chr2	74693856	74694733	16.08621564340972	9.943028373280573	24.228974179231997	13.696503780869511	21.043119352009306	16.185275529102427	12.718091434620689	23.95940469852739	6.834494635343823	3.855555977944998	3.5189548892605127	12.963728580398733	5.388107537815481	24.903871690669654	7.1228604999072465	7.294381097349908
chr2	74702050	74702859	181.9142957765181	121.4894079201301	183.29023659686075	107.522228312554	143.68766640379047	125.10925356861392	104.34681631048177	105.68238658221307	108.85210979117451	74.38584456976226	94.73861244552951	128.7906926017167	95.77660040979185	166.60523543575934	138.4802219169249	132.2647269217134
chr2	74715612	74716484	235.30870509803842	179.88531631504725	160.19690705220634	171.94841595507344	125.05576280278898	171.21699722097554	167.68584085685475	130.03438021721095	168.58302421307346	200.30669302750803	237.88024361199194	265.94464742153065	214.2169565498282	283.88193483965114	221.63372366581487	211.06590958691518
