#'chr'	'start'	'end'	'wt_108h_RAD21_Normalized.bigwig'	'wt_132h_RAD21_Normalized.bigwig'	'wt_144h_RAD21_Normalized.bigwig'	'wt_144h_RAD21_rep2_Normalized.bigwig'	'wt_168h_RAD21_Normalized.bigwig'	'wt_72h_RAD21_Normalized.bigwig'	'wt_84h_RAD21_Normalized.bigwig'	'wt_96h_RAD21_Normalized.bigwig'	'wt_96h_RAD21_rep2_Normalized.bigwig'
chr2	73924862	73925695	41.157776518886976	59.48721096409756	49.518670603006825	55.077233059208794	30.9412552946899	40.52096581430424	36.08311384723109	43.66631394302716	40.18661978093087
chr2	73965438	73966222	44.39493894090458	83.5476920556049	77.4294199408317	62.876708991673524	52.57460553792058	25.057925055627113	56.99594743276129	60.067268089372284	36.4392448347442
chr2	74027548	74028378	33.57453545030341	44.850623115861275	38.881211264736685	38.49750535459403	31.878591998801173	22.375385556068675	29.774856166379998	24.70588130807302	33.9879796324006
chr2	74066471	74067218	160.36365065261862	194.51419946754794	167.40344327648322	173.76407140198162	101.14846219850511	132.5133911513261	165.39127321256052	146.72739613135974	162.7920725693505
chr2	74300078	74300891	74.22914807646917	102.89972945772854	95.64665655720277	71.84987043425312	59.771445819812506	29.740054275619052	67.06972098966367	77.78952415813526	51.44243150384957
chr2	74964131	74964973	145.31507702281527	202.36320918755973	158.84033295547593	94.14956938455903	66.41369986137698	52.52243030363855	105.92322849717672	133.28639416003736	91.31509148423292
chr2	75055034	75055774	86.22230836507437	93.22877476924174	66.10733867078214	60.5948017532761	52.257825347539544	14.494361614214407	30.83610579129812	72.23066118085707	41.45883028023952
chr2	75137773	75138573	155.73861115455628	169.44808178901673	166.3671502685547	179.00188261508941	139.0272218132019	70.0252550538381	88.0619987297058	116.86736922740937	165.36392837524414
chr2	75150516	75151378	63.935086418055604	58.14507962490179	62.67183912104631	35.860072763502735	32.32746694314784	23.82141112723809	33.86172230503675	53.153147050233564	33.325175280360774
chr2	75152248	75153070	83.37454142187633	75.24278521479772	71.62815341346165	33.155822214418954	36.07340055312554	15.788183226202527	45.2385814085494	68.30618622819293	31.761899992787345
chr2	75311996	75312870	76.68291740941237	93.73980795382363	92.11516754141661	62.10666690320117	53.50348456227807	35.27682521447227	63.71261855066505	69.83839593271915	56.44815829034801
chr2	75588322	75589177	134.18616937113086	155.66887369434735	142.15504739772507	107.36827092756305	56.22584544845492	66.10647941983467	122.36420780650356	140.06173561051574	100.66091209099307
chr2	75589949	75590821	92.46248701679598	90.61766473306429	83.50636074739859	77.86037781697894	60.462568222929576	59.602388154410725	88.06748827444304	94.04232754619844	61.74646346448758
chr2	75602939	75603715	23.53433986422942	32.29004439496502	27.707208651242798	17.304156967659587	7.2675073103806405	4.618648775660934	21.288741982474768	27.429515001700096	11.416068216728181
