#'chr'	'start'	'end'	'Del(CBS1)_96h_RAD21_rep1_Normalized.bigwig'	'Del(CBS1)_96h_RAD21_rep2_Normalized.bigwig'	'wt_96h_RAD21_rep1_Normalized.bigwig'	'wt_96h_RAD21_rep2_Normalized.bigwig'	'wt_96h_RAD21_rep3_Normalized.bigwig'
chr2	74655418	74656441	19.188504903332927	12.828915902265473	20.652319485025995	9.018815460326268	7.571445452036629
chr2	74661604	74662487	150.59079041702427	108.86107513669661	123.03255047479546	123.33756233854714	103.10808039845588
chr2	74663288	74664158	80.95252952137213	57.20923510321255	65.54693294612841	37.500506321041065	40.0920411416854
chr2	74672680	74673474	68.64203086247673	60.155633590083276	73.15411828807379	66.5344801309427	65.8676817170919
chr2	74686136	74686883	43.91578338040884	32.60089051835189	19.870190486371758	11.203970806984858	10.373143644856322
chr2	74691421	74692232	144.996451959951	91.59169964020114	80.65693649498955	66.25874534517564	73.23613397290174
chr2	74693856	74694733	13.4288737977788	10.949823955331453	24.903871690669654	7.1228604999072465	7.294381097349908
chr2	74702050	74702859	186.84427139225642	130.6383854488566	166.60523543575934	138.4802219169249	132.2647269217134
chr2	74715612	74716484	7.286052702763759	7.206888925098294	283.88193483965114	221.63372366581487	211.06590958691518
