#'chr'	'start'	'end'	'wt_108h_RAD21_Normalized.bigwig'	'wt_132h_RAD21_Normalized.bigwig'	'wt_144h_RAD21_Normalized.bigwig'	'wt_144h_RAD21_rep2_Normalized.bigwig'	'wt_168h_RAD21_Normalized.bigwig'	'wt_72h_RAD21_Normalized.bigwig'	'wt_84h_RAD21_Normalized.bigwig'	'wt_96h_RAD21_Normalized.bigwig'	'wt_96h_RAD21_rep2_Normalized.bigwig'
chr2	74655418	74656441	13.553698618041455	11.263224903114018	10.507768179780694	14.860695610065031	32.90836270090888	5.994477492972902	18.335109421235025	17.839614361367754	8.022841366621522
chr2	74661604	74662487	143.07776866061772	112.57340524312728	137.65664649954738	116.215019887058	117.07868108392977	71.26401093088036	87.16466776241937	108.26257741977783	108.91595780511945
chr2	74663288	74664158	48.124723245905734	64.88790430967835	59.465260306171984	55.48006096050657	59.62786563566361	34.3307379393742	50.26445936444162	57.490172798332125	33.16162122857982
chr2	74672680	74673474	45.955793588527804	52.31440257065242	69.78478141515622	62.02158852007887	51.440610746292386	57.22241423772625	79.85929974140389	64.20898584514781	58.78516314071732
chr2	74686136	74686883	30.02201438365053	43.927191546643115	24.291440487546296	21.13269386648972	37.180352309302314	3.6574506616017906	14.414573228343263	17.14759305905466	9.95396837651969
chr2	74691421	74692232	104.72687070496133	98.20756385887888	98.4218072526699	81.10896127938342	71.14062096187719	25.66365610646751	50.42026973917217	70.83561928087039	58.54181694425872
chr2	74693856	74694733	14.251896685314287	21.653224201267637	18.436590928172304	14.207323800742694	21.126320291951963	3.4902219219742965	11.608621664710572	21.5934374003481	6.352239330111235
chr2	74702050	74702859	161.67072567273718	162.10518675003712	127.26905681765713	109.47914486143586	93.81831424227457	67.22391227247492	116.26896408609171	146.74681220980008	122.2799079857297
chr2	74715612	74716484	209.13760300732534	141.7136517052257	110.73442473980265	149.8079029310734	115.4792339692422	181.00501486868671	240.2055738431598	250.32785189917328	195.66590975402693
