chr	start	end	wt_48h_CHiC_merge_CBS1	wt_48h_CHiC_merge_CBS2	wt_48h_CHiC_merge_CBS3	wt_48h_CHiC_merge_CBS4	wt_48h_CHiC_merge_CBS5	wt_48h_CHiC_merge_CBS6
chr2	74959000	74960000	0.931915267850048	0.67253451591929	0.545205172759211	0.436967991165343	0.400192784570944	0.344688394852013
chr2	74960000	74961000	0.992530014934469	0.778461812852593	0.687967589597875	0.528649988205979	0.491903677034515	0.452160685538555
chr2	74961000	74962000	1.02405167009799	0.718273989196125	0.674753970889767	0.576155369766611	0.498318118450757	0.391068900949101
chr2	74962000	74963000	0.876941872838227	0.667642446097604	0.632867136094244	0.579354288142066	0.550453073023719	0.326227085283068
chr2	74963000	74964000	0.907485253820022	0.672539661521879	0.594629894019812	0.643633638372118	0.579702983173059	0.363720128733595
chr2	74964000	74965000	0.966359926705764	0.664978440684913	0.630876368079308	0.746859217147498	0.603162113200879	0.418152673443817
chr2	74965000	74966000	1.02158016578219	0.708792877880565	0.577131704885515	0.737002838261968	0.611491787041689	0.336961584887408
chr2	74966000	74967000	1.0493013844691	0.75204009405725	0.537090344718878	0.765410211388692	0.632941013107927	0.380290319147329
chr2	74967000	74968000	1.03837811223143	0.862395241020165	0.578515728041815	0.773942926408906	0.575627959103775	0.397164380342509
chr2	74968000	74969000	0.961160168251811	0.918023173554507	0.578359493699593	0.671271712982605	0.523772461062673	0.398654396711833
chr2	75049000	75050000	0.555476002183173	0.549818117869149	0.326929612446434	0.310528313352918	0.371007130678351	0.273641456038877
chr2	75050000	75051000	0.60889962621072	0.550613453754732	0.31674383046839	0.330920434279516	0.405030643462868	0.277558122828965
chr2	75051000	75052000	0.646075966335453	0.561173172623176	0.351967278957073	0.361153141107788	0.351411306607278	0.248998595155933
chr2	75052000	75053000	0.666117910964396	0.572099272743525	0.393893959448289	0.39810791640409	0.313672205251564	0.26192218075547
chr2	75053000	75054000	0.699109540020449	0.520804612254007	0.428557511818922	0.423502588913417	0.290610233633708	0.259344757547061
chr2	75054000	75055000	0.807902643497265	0.569802749963314	0.445567385812456	0.486819704022982	0.318717403950972	0.284860840522277
chr2	75055000	75056000	0.849995249331538	0.683140543294743	0.500431824427561	0.480605730544785	0.311432090872716	0.220380777595364
chr2	75056000	75057000	0.797760323383032	0.639614198368578	0.499549675465498	0.480881520278238	0.353681731976296	0.233349573705345
chr2	75057000	75058000	0.813985700153674	0.619069900941423	0.464845285429327	0.491535705402036	0.35214260662565	0.21922322539954
chr2	75058000	75059000	0.731996070953036	0.563688101576678	0.4167517419019	0.428576911852575	0.312528334999529	0.238563802241734
chr2	75135000	75136000	0.924728115575151	0.777123213645765	0.613569352779819	0.453068499921532	0.456545936066255	0.314669130576243
chr2	75136000	75137000	1.1080638780846	0.874137426891131	0.631835050838277	0.571125559161143	0.54388939006886	0.425651317871316
chr2	75137000	75138000	1.10633055065362	0.86933764302398	0.580479422289696	0.579447276010477	0.533520069222427	0.432352044949518
chr2	75138000	75139000	1.10834066046878	0.860862825347617	0.627549579785435	0.643119562094766	0.537862277362821	0.420660630964724
chr2	75139000	75140000	1.15472774903828	0.861112988964729	0.691873615873049	0.836097017177045	0.571427443545968	0.446636021313401
chr2	75140000	75141000	1.17187865649189	0.925903301769784	0.799663063699963	0.932794899493483	0.635230402092081	0.444363373812244
chr2	75141000	75142000	1.12979238897478	0.93377221246588	0.889984844903098	0.910089710917642	0.642181301805596	0.388181041410414
chr2	75142000	75143000	1.35234528313042	1.11940167932612	1.02457605594513	1.04819377923336	0.695925358770485	0.4365079588346
chr2	75143000	75144000	1.38458329261276	1.1968188106835	1.02728017993363	1.04365930929315	0.768819380674322	0.467190657200217
chr2	75144000	75145000	1.25491920405346	1.17064070864523	0.937267862869566	0.929979637278415	0.799222278906225	0.431506865666221
chr2	75145000	75146000	1.3161563885976	1.14963675294871	0.915491298324387	0.906648127211566	0.710734287513518	0.445199131875055
chr2	75146000	75147000	1.20036165065973	1.05749133127194	0.885446613570971	0.885504025159172	0.738125199495315	0.493729358798065
chr2	75147000	75148000	0.940999282686717	0.914075157823668	0.727927808388997	0.71447097773407	0.767051038035877	0.4324725586996
chr2	75148000	75149000	1.05124872410745	1.08665268123697	0.89679822606921	0.813716767231545	0.738398204547472	0.47032178597012
chr2	75149000	75150000	1.09110388030523	1.05326213712409	0.893639379715809	0.765345342293834	0.696450266116487	0.450584237070534
chr2	75150000	75151000	0.966738986965204	0.972292818864011	0.844866302907496	0.725712362791952	0.72070742789971	0.435777983470127
chr2	75151000	75152000	1.0625132773484	1.0407739548206	0.822839194101102	0.712167341654741	0.625028818630544	0.36886569917058
chr2	75152000	75153000	1.16873711155813	0.998708448763204	0.880758431639438	0.809199589488823	0.607578281840528	0.405053796871774
chr2	75153000	75154000	1.0550544528887	0.775772168272281	0.741264650728597	0.76822536067398	0.633249115156698	0.394396820127494
chr2	75154000	75155000	1.05902307857253	0.792908303146217	0.750977096174768	0.747812667854464	0.646613204046503	0.433997948270758
