chr	start	end	wt_144h_CHiC_merge_d11	wt_48h_CHiC_merge_d11	wt_96h_CHiC_merge_d11
chr2	74652000	74653000	0.727451915022076	0.633076084550569	0.809154030459063
chr2	74653000	74654000	0.689167557789019	0.612769316244945	0.755600929605025
chr2	74654000	74655000	0.697414540083952	0.697114703368407	0.749580293516251
chr2	74655000	74656000	0.704623365923838	0.784973834290648	0.839571696912082
chr2	74656000	74657000	0.799297317389703	0.965425188153044	0.928086875440982
chr2	74657000	74658000	0.830589567587024	1.05340328751326	0.938037053773988
chr2	74658000	74659000	1.01413514858906	1.22857672766309	1.13021977075288
chr2	74659000	74660000	1.09839752262708	1.25482282438421	1.21251529913214
chr2	74660000	74661000	1.13580093111643	1.28703444388299	1.19100470044777
chr2	74661000	74662000	1.11723085041843	1.24087367783734	1.17234488304389
chr2	74662000	74663000	1.16355983260689	1.25274601929861	1.27385133622143
chr2	74663000	74664000	1.1113412822611	1.16084626794368	1.25646983689439
chr2	74664000	74665000	1.05778496583413	1.13620373880652	1.30669388087469
chr2	74665000	74666000	1.03978751990813	1.13396787067662	1.31508659116247
chr2	74666000	74667000	1.05475053285511	1.16029281848596	1.35557582714844
chr2	74667000	74668000	1.00010172810889	1.09270702949623	1.30320787156855
chr2	74668000	74669000	0.856170822715382	0.995022167058659	1.14791060488074
chr2	74669000	74670000	0.749979868839485	0.877050615656901	0.981146151838875
chr2	74670000	74671000	0.665985027225684	0.756975483827255	0.887836472851577
chr2	74671000	74672000	0.686240731492963	0.740699089378121	0.932052965771326
chr2	74672000	74673000	0.73899927457167	0.777563682164522	0.971010840078156
chr2	74673000	74674000	0.828582838857171	0.852793469336696	1.08990558325055
chr2	74674000	74675000	0.948411348731527	0.91623643019174	1.22803747345585
chr2	74675000	74676000	1.21879637710642	1.05545203485029	1.40390472794485
chr2	74676000	74677000	1.31066742780227	1.11385992494331	1.46140958346513
chr2	74677000	74678000	1.35818869117503	1.2195132699964	1.52391166696008
