chr	start	end	Del(CBS1-5)_96h_CHiC_d11	Del(CBS1-5)_96h_CHiC_d13	Del(CBS1-5)_96h_CHiC_d9	wt_96h_CHiC_merge_d11	wt_96h_CHiC_merge_d13	wt_96h_CHiC_merge_d9
chr2	74780000	74781000	0.416343919032403	0.317992656037259	0.781143754830638	0.345822443622153	0.22468060442915	0.395301723735988
chr2	74781000	74782000	0.47490827525555	0.25845081633627	0.748866104780564	0.333520694261355	0.226958116536145	0.432996870923484
chr2	74782000	74783000	0.548679490639962	0.332484162417403	0.617532894080229	0.339375891820497	0.183300289398338	0.482745301729088
chr2	74783000	74784000	0.500082557990316	0.32203066641725	0.500075269008845	0.357824640928256	0.212265467330729	0.438422705705923
chr2	74784000	74785000	0.397748364093337	0.403172301629498	0.347298168607872	0.357582940268854	0.197496517487764	0.472867834480201
chr2	74785000	74786000	0.566037922833385	0.531321979117476	0.486393022510779	0.413655152833828	0.250947156274695	0.581864272418745
chr2	74786000	74787000	0.676164925358037	0.604982226812685	0.712398814018083	0.427961664453096	0.27691438817583	0.581918879297167
chr2	74787000	74788000	0.579045120864299	0.613455220471764	0.976097656231278	0.418150251703507	0.3147231040917	0.619559244564816
chr2	74788000	74789000	0.594994457062218	0.597122397436203	1.09920538252704	0.392703387596912	0.283881862653563	0.604934434411533
chr2	74789000	74790000	0.485236633857272	0.50819102200236	1.10782445697734	0.320247375333088	0.27529209859332	0.542424946699779
chr2	74790000	74791000	0.373928315881377	0.412257870586288	1.02884628431699	0.247371316173079	0.263607637090525	0.426780937784934
chr2	74791000	74792000	0.18404266978161	0.397455427137865	0.872649354188032	0.257350657972862	0.266989897437135	0.423501247304403
chr2	74792000	74793000	0.349673204151123	0.344737765749473	0.746787012565533	0.322424626682903	0.293577584880104	0.34419278689728
chr2	74793000	74794000	0.303615801551959	0.308037880053712	0.65937785248004	0.28711323489582	0.284816503632246	0.30690467487969
chr2	74794000	74795000	0.261400033816703	0.286546978075255	0.645849120374479	0.259869751510291	0.268829396665081	0.277313400135779
chr2	74795000	74796000	0.4369216068508	0.341698667088794	0.524728181006719	0.292345726198881	0.274786759569096	0.334479148731965
chr2	74796000	74797000	0.524096201558037	0.322072108819597	0.394831273375076	0.253596709462655	0.262497454189289	0.257925446428122
chr2	74797000	74798000	0.382639028111498	0.226485404718068	0.196883537119767	0.138940172382419	0.190130942868049	0.185429485911379
chr2	74798000	74799000	0.429462726414505	0.205322208785825	0.19156342030511	0.130985578899803	0.179480857425503	0.208350498826603
chr2	74799000	74800000	0.468524695358852	0.204846722276216	0.213935359999886	0.126897399840789	0.190732812310157	0.2159776746329
chr2	74800000	74801000	0.297245874867469	0.172910359989169	0.299043278663559	0.127777034565366	0.171470136184694	0.172370042145106
chr2	74801000	74802000	0.231901172779866	0.13763476442002	0.370346181643252	0.166152624067177	0.169721284798472	0.200880342822775
chr2	74802000	74803000	0.229773088321063	0.184824807271745	0.442407094480203	0.214525262060471	0.162741141849574	0.243690118283111
chr2	74803000	74804000	0.238095208783093	0.186788936587756	0.427167440907488	0.261770399878559	0.176441963950419	0.258181145063978
chr2	74804000	74805000	0.333849983472298	0.180203555123088	0.377849977981956	0.273073298015411	0.166876620922946	0.276587679995837
chr2	74805000	74806000	0.328540085159765	0.146084290098621	0.272147617930099	0.235762113776839	0.1406495576772	0.267189531201755
chr2	74806000	74807000	0.393280392713743	0.280248176445141	0.213145310920836	0.262397381166571	0.14521792004361	0.386264910931099
chr2	74807000	74808000	0.460016199711049	0.291424077559698	0.128783802113454	0.261402014186847	0.154181662819075	0.428680412111401
chr2	74808000	74809000	0.497231439384438	0.324758964566006	0.133975164171674	0.259867812472327	0.16470005462167	0.441899964946886
chr2	74809000	74810000	0.482806984162637	0.391632883806973	0.278328242940448	0.284580216537448	0.208629137499713	0.486919257085325
chr2	74810000	74811000	0.524981912262892	0.526383223754879	0.367194147810208	0.308895357968207	0.23623143646432	0.53524529282876
chr2	74811000	74812000	0.567299780599322	0.416769000845496	0.446069910248683	0.228025778070872	0.243590017637906	0.404525048279104
chr2	74812000	74813000	0.470615759385153	0.405114248219756	0.537081626548624	0.198555152022131	0.237331363397898	0.355201281055845
chr2	74813000	74814000	0.409380153283401	0.43967887711702	0.573761269525772	0.182229749533232	0.23738966647649	0.337524275225012
chr2	74814000	74815000	0.354083714232703	0.520836083703751	0.444307611999202	0.178853391964235	0.23087649973808	0.322060866990935
chr2	74815000	74816000	0.269729915353297	0.427563129118613	0.47556455547854	0.183114032663207	0.233237497086563	0.281196669003126
chr2	74816000	74817000	0.158942365523238	0.462257166332148	0.544238692769198	0.205137266461882	0.248829983000387	0.37909556273315
chr2	74817000	74818000	0.378614535751615	0.528910837425427	0.638639063868444	0.266722017478674	0.349364945930013	0.473635004023046
chr2	74818000	74819000	0.533851584731166	0.45966272383765	0.643766664281405	0.309029967411021	0.371907951385584	0.527781033714708
chr2	74819000	74820000	0.617716213203486	0.297507256370914	0.664542036787804	0.338737577729803	0.361114929494328	0.526681285890072
chr2	74820000	74821000	0.640924349623434	0.31989062407601	0.598450759738106	0.367835015875548	0.391885246023507	0.604290846826801
chr2	74821000	74822000	0.693511815137469	0.297800718169754	0.550104504452535	0.428681972213433	0.356461970147826	0.553773065678226
chr2	74822000	74823000	0.621419237091425	0.259029912944686	0.497052649607216	0.396546619657768	0.278920925493497	0.506657233191353
chr2	74823000	74824000	0.615389475723996	0.32537172265987	0.559393549737514	0.394044952445333	0.283010574167376	0.5507069284577
chr2	74824000	74825000	0.491189358514584	0.396217292530393	0.56725842914723	0.344874248090396	0.259859510251696	0.522010875666954
chr2	74825000	74826000	0.47167220903923	0.374154318697881	0.557958675050947	0.301036194082717	0.216301843353276	0.433949120002639
chr2	74826000	74827000	0.417159095635202	0.358918130455946	0.464913457001673	0.246590564528322	0.230560496678475	0.412013721015547
chr2	74827000	74828000	0.417946948313782	0.42370465179508	0.419700377368604	0.280016711950041	0.275318161398844	0.431150630479846
chr2	74828000	74829000	0.504686469207695	0.545062234800979	0.446271418508165	0.356342794545148	0.271123605178617	0.45499442422934
chr2	74829000	74830000	0.605428867106062	0.696142317691857	0.574907494464653	0.405138980228747	0.327376469361475	0.551598639865927
chr2	74830000	74831000	0.679146163440926	0.672457248545424	0.708462015595747	0.427783225918021	0.364375921859177	0.6135621881579
chr2	74831000	74832000	0.669483583087592	0.68985364282739	0.771450547746801	0.458654756923706	0.348104272888439	0.690340909073155
chr2	74832000	74833000	0.548951115443105	0.595624823130578	0.797476818652583	0.389448586853855	0.302007041511233	0.657663891821129
chr2	74833000	74834000	0.329633195769121	0.435867632215179	0.736963091487618	0.255901701914932	0.29395689854374	0.553420314093873
chr2	74834000	74835000	0.328272126607777	0.29982284467936	0.57140676616909	0.261202662026511	0.230751301092291	0.525325564322566
chr2	74835000	74836000	0.2745080296985	0.355186986858853	0.531099823867855	0.297749318735711	0.227484094650581	0.51995606828676
chr2	74836000	74837000	0.312077702888776	0.347124125073887	0.607019178709674	0.291702772072618	0.25020656177388	0.484534222719479
chr2	74837000	74838000	0.335722923020227	0.304601191236073	0.657779588352915	0.359814603432141	0.268736402668439	0.458734293728439
chr2	74838000	74839000	0.365442176376993	0.388789726785736	0.586274915775141	0.381416582525985	0.24977512488124	0.448689171351647
chr2	74839000	74840000	0.329235405701064	0.43421434971907	0.595286778123542	0.349215321144111	0.257480979029627	0.394653987136956
chr2	74840000	74841000	0.317884731046476	0.446291978716215	0.564256810858179	0.314512653149976	0.222894520624602	0.383115856075896
chr2	74841000	74842000	0.284067813163133	0.448938063408946	0.44991596696261	0.291153330578858	0.211392243534471	0.380260021334975
chr2	74842000	74843000	0.255014195350617	0.518059825889373	0.328208102487149	0.219900778217896	0.16785671139625	0.365915835793206
chr2	74843000	74844000	0.264173508264426	0.535552691166484	0.40096405518821	0.21956549488029	0.177779152463854	0.400136717959614
chr2	74844000	74845000	0.299004048125846	0.47994319018541	0.542234304539289	0.250290221947592	0.22308018044858	0.454336881582311
chr2	74845000	74846000	0.387292698949523	0.475344774416576	0.521744285809538	0.273106368805532	0.247981552421993	0.45281444665796
chr2	74846000	74847000	0.419051685905184	0.444063390929264	0.535227122118815	0.300745981904844	0.232327971834359	0.457185980910822
chr2	74847000	74848000	0.404859791394855	0.39533883719567	0.579684084092104	0.338922587128721	0.243360881336388	0.478068525660147
chr2	74848000	74849000	0.354513679279003	0.270646149223872	0.595569230263114	0.345669541471951	0.219739117233251	0.45730267957923
chr2	74849000	74850000	0.267428730583939	0.196445866852777	0.572142687380973	0.303973528909545	0.152677896942231	0.429403468579327
chr2	74850000	74851000	0.344561582131592	0.152390756802446	0.613836893015431	0.344716658642117	0.138962889305694	0.448160953847582
chr2	74851000	74852000	0.393718339478409	0.193546472860136	0.698809915285636	0.366930500229659	0.197943535420581	0.505363820023511
chr2	74852000	74853000	0.430003396121823	0.240871210293176	0.706562680808262	0.330816803001827	0.203887056066871	0.486638141871213
chr2	74853000	74854000	0.441233003047475	0.292347787825553	0.688815482604881	0.294897024171939	0.217073160940584	0.447291773404779
chr2	74854000	74855000	0.476827096569713	0.363072825095969	0.95902097028014	0.358146178377159	0.271246681605954	0.463689091971762
chr2	74855000	74856000	0.315171816957217	0.535360087798689	0.97222054091582	0.330896642834592	0.292463806012081	0.490923243328315
chr2	74856000	74857000	0.24408506000617	0.470260375483036	0.856786344890486	0.2946464746034	0.285021012860924	0.468469023198152
chr2	74857000	74858000	0.207760131996294	0.468879407649847	0.81890060346476	0.293200462053417	0.245153198039643	0.440293397499556
chr2	74858000	74859000	0.195538634600908	0.414551111299618	0.71334827220329	0.283913295150941	0.211241841547331	0.417291225452076
chr2	74859000	74860000	0.159595816602777	0.371141077012596	0.289687457390278	0.224736373764535	0.172210490120213	0.340745831578973
chr2	74860000	74861000	0.239484171545243	0.154735006376751	0.228329132990446	0.199821076262784	0.146749836390368	0.264729607879175
chr2	74861000	74862000	0.340984354835853	0.204058009197536	0.31524297578669	0.17266379825237	0.129039846885867	0.185730434312449
chr2	74862000	74863000	0.389672200671123	0.220483804901651	0.302014267279573	0.183274819503176	0.139572107475414	0.187110703543791
chr2	74863000	74864000	0.496858110587086	0.298157348762989	0.357794496227734	0.236905346884195	0.179195875680172	0.215113605957351
chr2	74864000	74865000	0.539750591699469	0.301905749670181	0.446796474746862	0.273605392235607	0.235900559626176	0.27633544538567
chr2	74865000	74866000	0.573899797933097	0.316592115821283	0.504712056650771	0.260803107987976	0.245440013656445	0.339731889636591
chr2	74866000	74867000	0.474455901095118	0.275207014061872	0.660369125077197	0.261991675586606	0.208867884463398	0.355686554566573
chr2	74867000	74868000	0.52770184991537	0.199825116189477	0.720413991659003	0.286536901347351	0.257663360405603	0.404751654562322
chr2	74868000	74869000	0.455049195913541	0.117069579631201	0.72041272367469	0.290047914851704	0.265735875178202	0.411357469486331
chr2	74869000	74870000	0.41786378840272	0.0863433043148955	0.639888390178255	0.252428013173695	0.222671306862555	0.376831224545429
chr2	74870000	74871000	0.2993809281101	0.057562202876597	0.534513312998307	0.236752384213246	0.18719856392739	0.324812340029078
chr2	74871000	74872000	0.328944775836341	0.0675759040682631	0.350977534937465	0.237553066210992	0.217785573273052	0.32321384662004
chr2	74872000	74873000	0.287041868104164	0.134903758443769	0.331862003555027	0.254438644595623	0.226153564116026	0.324405227044773
chr2	74873000	74874000	0.319959333902849	0.159235224681202	0.32854824171765	0.299377850556514	0.244126582874024	0.355954258770894
chr2	74874000	74875000	0.363202987078927	0.254821355658898	0.407845553729948	0.353816019708898	0.280697865924871	0.427676501434675
chr2	74875000	74876000	0.446863798954328	0.367201343972669	0.532734093234481	0.416554508833222	0.337208813702932	0.446055024396392
chr2	74876000	74877000	0.381461677255771	0.422698724052082	0.427782403736311	0.411206734257302	0.320747928736699	0.426662862105727
chr2	74877000	74878000	0.392117232404338	0.412260033803883	0.499014665566776	0.400045859069088	0.31589045954687	0.45163233536874
chr2	74878000	74879000	0.356921299343494	0.410459244551162	0.513821100332789	0.319468990672403	0.284615340740515	0.404016718154497
chr2	74879000	74880000	0.375055538662766	0.398066860814504	0.554746804536426	0.355237380249125	0.304415704665884	0.400619143645563
chr2	74880000	74881000	0.413250150360418	0.352326191984793	0.611990246350347	0.320877781848054	0.281156355286817	0.415294129997227
chr2	74881000	74882000	0.540404042779008	0.29682881190538	0.693588945863727	0.354798346264754	0.348160723228025	0.466107904868319
chr2	74882000	74883000	0.539690839856789	0.345050352339601	0.651874226080445	0.456694453668787	0.324890930496949	0.504432489836066
chr2	74883000	74884000	0.551019027551827	0.331008235424137	0.638440413798023	0.477541905567467	0.344125765411818	0.553908517231114
chr2	74884000	74885000	0.49687828729726	0.296888130990448	0.581861495760792	0.396173509384075	0.300208048056105	0.508645304242403
chr2	74885000	74886000	0.430746131681581	0.252559742853906	0.388279083084984	0.406976806742589	0.272662594113967	0.4676011010741
chr2	74886000	74887000	0.426803375327516	0.279555969784403	0.359392721758542	0.384840500033414	0.197639116123712	0.39913053259358
chr2	74887000	74888000	0.429359589341884	0.22078500639128	0.319686974592554	0.279172984430948	0.190938990645072	0.376518583736113
chr2	74888000	74889000	0.493314634682929	0.324593148932323	0.378536206730781	0.322936206263554	0.185203256545978	0.395408880319626
chr2	74889000	74890000	0.516858853849013	0.381617740965265	0.540971502441575	0.347796517085804	0.16693384535942	0.401198567829715
chr2	74890000	74891000	0.521817691667977	0.43719947710405	0.671104560597298	0.327226544358192	0.169667882817129	0.465147826835982
chr2	74891000	74892000	0.590427764021206	0.468752667611358	0.701390371915394	0.334266310252598	0.177107950414233	0.566766176956991
chr2	74892000	74893000	0.575035349465769	0.458339605694366	0.708146525453651	0.325244575860986	0.181476911706691	0.534367103418217
chr2	74893000	74894000	0.635769462092951	0.402935420136179	0.652789596107037	0.273573243043592	0.211594885101906	0.508161407043623
chr2	74894000	74895000	0.691103124127594	0.309128693553899	0.397413541962291	0.220691316693062	0.216063975434785	0.53248415936398
chr2	74895000	74896000	0.79502686879375	0.267036908344504	0.43924613030735	0.205477843994594	0.239127875080989	0.487558943150356
chr2	74896000	74897000	0.702741293779442	0.216836259379802	0.461864483653401	0.197610187208187	0.257360058425423	0.458132912192454
chr2	74897000	74898000	0.639501197036087	0.258217181844182	0.44668668897591	0.201463308627237	0.253967136719115	0.450107090628405
chr2	74898000	74899000	0.487070049014544	0.284399920879187	0.452948336650658	0.206540561110529	0.214291562711497	0.439564569932959
chr2	74899000	74900000	0.448217470775531	0.308917155437737	0.547391275902255	0.222897056594088	0.220646196473661	0.385578611484855
chr2	74900000	74901000	0.332763396317888	0.322341415198257	0.455141904499741	0.216262085370505	0.204285544730628	0.372684467891555
chr2	74901000	74902000	0.250912899359985	0.301223566509571	0.394921861237085	0.185392353052842	0.153717602136823	0.29073652976657
chr2	74902000	74903000	0.324321632467795	0.230687885000392	0.392035796839536	0.169504764011034	0.140964921758808	0.256807109409096
chr2	74903000	74904000	0.41389548026555	0.19788189419967	0.434718719083237	0.175900401422804	0.176499441058747	0.273890202450189
chr2	74904000	74905000	0.378282829945306	0.213965449611567	0.447671784109553	0.198764868591247	0.212508749230267	0.294957698640328
chr2	74905000	74906000	0.47745500354447	0.299435672581569	0.396917686455519	0.248621784428657	0.273255415181287	0.362921026344037
chr2	74906000	74907000	0.626267044864312	0.334345611093297	0.417527945115324	0.301333972507564	0.319234390920732	0.38201735167844
chr2	74907000	74908000	0.70201397247886	0.414930900176197	0.418207600512979	0.310709239312086	0.327047493671965	0.373699068347551
chr2	74908000	74909000	0.660538894204049	0.384654417027982	0.364162157803108	0.32483867856825	0.29558946913856	0.305038307730915
chr2	74909000	74910000	0.665259181977221	0.474049555308287	0.427013449069509	0.350463831789704	0.253377496627758	0.296257927062122
chr2	74910000	74911000	0.551074874718613	0.375650577852927	0.419568063963352	0.324389600429006	0.186626118315937	0.21994799091723
chr2	74911000	74912000	0.404816054831687	0.352702693073459	0.375438187865257	0.305330523199478	0.152449953360929	0.200204234947058
chr2	74912000	74913000	0.306277862918009	0.334864425349803	0.559850769635644	0.35806228065345	0.158791921958211	0.267380222487983
chr2	74913000	74914000	0.488026417139529	0.399432231178295	0.725879526292149	0.365213756325617	0.159811379849414	0.327225770209025
chr2	74914000	74915000	0.541700572514276	0.262014175717504	0.667925427888905	0.335291401036065	0.182288794544283	0.321950977697266
chr2	74915000	74916000	0.515001967205543	0.237890194253638	0.656887950653703	0.342385603435079	0.189910520971616	0.369101753062734
chr2	74916000	74917000	0.657664978826725	0.293301374495286	0.80074912637964	0.356210246685002	0.222009207917127	0.436321841540469
chr2	74917000	74918000	0.731429125654703	0.291491549723772	0.654450162031435	0.28884270473575	0.215598703172406	0.453083535108194
chr2	74918000	74919000	0.677420548633874	0.247366693101431	0.559583333406222	0.310596087841697	0.235688677374435	0.48887116822918
chr2	74919000	74920000	0.604983212473414	0.237670938716426	0.521156447457927	0.300327061682256	0.222708525786901	0.450432857768838
chr2	74920000	74921000	0.626165285112398	0.310984527538573	0.560079584319495	0.29655672157771	0.23446223240016	0.460626786437005
chr2	74921000	74922000	0.679726906546348	0.323476541642053	0.548550598084794	0.30895347090872	0.253759222219778	0.473099092122688
chr2	74922000	74923000	0.681368469236103	0.296900864498796	0.654212668707652	0.353238068604087	0.265318562602517	0.48407444893997
chr2	74923000	74924000	0.54094621974813	0.322537661494877	0.808527816744598	0.3521988552842	0.257083942750453	0.494085100974862
chr2	74924000	74925000	0.55449211608675	0.358128478124282	0.997265924166362	0.359601106105297	0.262937523862978	0.536028637610351
chr2	74925000	74926000	0.589735365743691	0.38938688599403	1.09227240210712	0.38247972816656	0.323272689409968	0.533394035514577
chr2	74926000	74927000	0.495260065719148	0.425550045689149	1.09375138544312	0.418554660792547	0.338285310194672	0.545370128298924
chr2	74927000	74928000	0.454375059724334	0.468950778915094	1.06070242784074	0.411826261508302	0.371529335433407	0.516664801399076
chr2	74928000	74929000	0.454816268211428	0.475620145290228	0.942555858133622	0.380242161840012	0.39970776895532	0.479409793480542
chr2	74929000	74930000	0.459471049391401	0.565556590465596	0.789516813776148	0.389902054794214	0.441411336967237	0.513138758988108
chr2	74930000	74931000	0.535427028884432	0.634540259009162	0.83767540928291	0.400837489034542	0.38288557596423	0.554827681526373
chr2	74931000	74932000	0.540959606499447	0.576125032975727	0.856731968986019	0.390184671661211	0.358387053276283	0.562885167765005
chr2	74932000	74933000	0.496781223257246	0.507345076440235	0.82432414939999	0.374031119114792	0.318271719747308	0.540934868581553
chr2	74933000	74934000	0.495020469898914	0.499481001698125	0.71693947922431	0.402931035464882	0.270074116032053	0.559375919896759
chr2	74934000	74935000	0.517909022565793	0.520825437511609	0.725888691540187	0.410969489985234	0.222732179413844	0.576636576310024
chr2	74935000	74936000	0.478406648028329	0.407762064476763	0.639865578482247	0.391838446247529	0.226403893991726	0.500353762018762
chr2	74936000	74937000	0.45097296398793	0.465870540925369	0.529465233055076	0.375068882995803	0.215890481621998	0.498072572410971
chr2	74937000	74938000	0.540112405411076	0.460497623012776	0.530017240875897	0.39469742146635	0.226919978207673	0.57870222294916
chr2	74938000	74939000	0.508858124591914	0.413068394562796	0.544755790977986	0.3379901776192	0.221074426600116	0.502292061102069
chr2	74939000	74940000	0.4537558032223	0.287986907676601	0.473663927872719	0.295070011883637	0.19535727575709	0.399599173870816
chr2	74940000	74941000	0.408634493844053	0.286395550377823	0.446786321925718	0.271303381408436	0.178597960474808	0.381596040779667
chr2	74941000	74942000	0.416188131622665	0.212995225580222	0.493362989238253	0.271054745958367	0.179054797246926	0.356274564402179
chr2	74942000	74943000	0.351399475697175	0.260328822510785	0.489966503041348	0.235268577411225	0.171960327130969	0.253508594297847
chr2	74943000	74944000	0.398347979517861	0.428461837149091	0.527404942634099	0.279012844971606	0.182031713937209	0.394172860874348
chr2	74944000	74945000	0.592642525670887	0.492893814175055	0.653545093260642	0.327186643887874	0.23296368451918	0.472508407513243
chr2	74945000	74946000	0.604055435061148	0.573827076368034	0.637949423268779	0.376828877704959	0.283550166539994	0.562969713975331
chr2	74946000	74947000	0.629134763808175	0.603773819898764	0.589600325916981	0.439178926174983	0.3097254313415	0.563619105881055
chr2	74947000	74948000	0.692311194849572	0.628082272783642	0.528594511855841	0.504604856469338	0.325300298884515	0.66272400274217
chr2	74948000	74949000	0.634703865996132	0.462471132586366	0.490762640738006	0.461527770528404	0.315714749364063	0.576780688571232
chr2	74949000	74950000	0.798391664243711	0.618620008671952	0.611826117470018	0.483422750007056	0.31970122121877	0.656561698980142
chr2	74950000	74951000	0.812403292329906	0.57429226637075	0.558895202146436	0.45439533278019	0.288874975089585	0.631272619037797
chr2	74951000	74952000	0.758072043631046	0.571698421947489	0.538039592009457	0.394753721297645	0.275252290806823	0.645340747202334
chr2	74952000	74953000	0.774073344650664	0.647363769119979	0.64320616730404	0.335224691249553	0.281327281524542	0.590186479301177
chr2	74953000	74954000	0.906577943880516	0.727741304795956	0.786831272997847	0.373570294067571	0.314442959771861	0.579502158177128
chr2	74954000	74955000	0.6861150706602	0.657074330374378	0.691596653778505	0.354060519440445	0.277324249252697	0.575980565313991
chr2	74955000	74956000	0.748392147357935	0.661768772544727	0.730968467083306	0.304396571951292	0.255427100129261	0.496261157564301
chr2	74956000	74957000	1.00762323016499	0.833110522724724	1.00765234171598	0.368207104395071	0.259663592648443	0.548580016948195
chr2	74957000	74958000	1.04454413649099	0.755589743877375	1.13937221604374	0.462307333239524	0.271948554549786	0.685514535592717
