chr	start	end	wt_48h_CHiC_merge_CBS1	wt_48h_CHiC_merge_CBS2	wt_48h_CHiC_merge_CBS3	wt_48h_CHiC_merge_CBS4	wt_48h_CHiC_merge_CBS5	wt_48h_CHiC_merge_CBS6
chr2	74780000	74781000	0.683507296316496	0.876983316219828	0.556753154624814	0.681590042711254	0.589020348077362	0.377111891920721
chr2	74781000	74782000	0.745565497618731	0.905507280298842	0.530262848592482	0.695304265487211	0.603693586100528	0.371395352818748
chr2	74782000	74783000	0.779863541015546	0.787674059724563	0.538946750042803	0.629601620020753	0.54662231451159	0.379652638602351
chr2	74783000	74784000	0.806554706891092	0.774067040812276	0.574908740778367	0.533641724376191	0.531514556187586	0.35961405064932
chr2	74784000	74785000	0.725136334172561	0.633582170569211	0.608811858708408	0.451355565729676	0.510385936565878	0.360771453252526
chr2	74785000	74786000	0.863418014525075	0.721186704425021	0.761554903988402	0.589253846290448	0.61054456990454	0.4715846192746
chr2	74786000	74787000	0.896227373383998	0.754261529042737	0.839939160574273	0.664269900242047	0.664359756768663	0.516681983586505
chr2	74787000	74788000	0.91686388211802	0.804099870690918	0.752067706557689	0.68543189671831	0.657021412754803	0.537495411118107
chr2	74788000	74789000	0.898012013086213	0.830562611471067	0.721132101569578	0.796817148933217	0.686393730094654	0.583784861716389
chr2	74789000	74790000	0.800738604738086	0.800856657849148	0.638620229602761	0.798927651470367	0.610280015100295	0.538565905189554
chr2	74790000	74791000	0.690104331045399	0.714660110499121	0.517147393905952	0.60510002387765	0.496326915001784	0.410600776584415
chr2	74791000	74792000	0.641819344250469	0.720701910187873	0.511632777997932	0.418843825615986	0.466662545046108	0.346984686776126
chr2	74792000	74793000	0.615270451430619	0.63830736590606	0.543759685581819	0.392210283141735	0.432190391901293	0.282523971842849
chr2	74793000	74794000	0.54014537385472	0.510308341245082	0.493409043462034	0.322483700952862	0.345212316404518	0.204563548241207
chr2	74794000	74795000	0.482106628496936	0.476889334448194	0.485749989617938	0.273403458582579	0.309072667302098	0.19345920493114
chr2	74795000	74796000	0.520455300466194	0.534548742367347	0.502500651889438	0.387484687203583	0.363854926582543	0.252490326596606
chr2	74796000	74797000	0.446545244153615	0.4572280254723	0.406564271707109	0.405793735075763	0.314265985339027	0.229171893015539
chr2	74797000	74798000	0.303595831790604	0.450346770063584	0.304364017204201	0.39918261760755	0.270939424274413	0.205107842729549
chr2	74798000	74799000	0.394156338086067	0.468557545812208	0.346032840241542	0.403592594766126	0.262971881142277	0.234683977282557
chr2	74799000	74800000	0.481761223257355	0.459170780832792	0.380581795227632	0.394489813329672	0.274582523197324	0.265627803118188
chr2	74800000	74801000	0.442873259260799	0.403246675312672	0.390646575966486	0.332106671507921	0.256118566330232	0.233455019103264
chr2	74801000	74802000	0.42997829885192	0.372194085665397	0.392301086964773	0.323967862526333	0.265395351499509	0.249598733212148
chr2	74802000	74803000	0.433809651694579	0.382270825642788	0.425515439768337	0.308487394560802	0.281563245112744	0.264969028399739
chr2	74803000	74804000	0.384128318899477	0.376592458814656	0.400078210146186	0.288255624744839	0.314858646524171	0.256559771369689
chr2	74804000	74805000	0.305864189269211	0.373208539789129	0.369576061434462	0.295157904631465	0.299537453751296	0.211142318123949
chr2	74805000	74806000	0.26248019522999	0.290316714221435	0.290026541892503	0.264018496690959	0.278557008093595	0.158731253392384
chr2	74806000	74807000	0.293663396946434	0.406424606938362	0.327885556938786	0.329698592484305	0.27537765670276	0.18609023609647
chr2	74807000	74808000	0.313781860341846	0.396994207845509	0.288987794974696	0.350588789892127	0.284641115645199	0.182169136585377
chr2	74808000	74809000	0.332959143185308	0.36706203463778	0.225651368412647	0.379201788894024	0.289800584363135	0.158285149531621
chr2	74809000	74810000	0.501665486172973	0.431822195385739	0.225357028579971	0.372235501326695	0.344212828113076	0.224882706790138
chr2	74810000	74811000	0.636582933958352	0.539482244097548	0.300814280953049	0.37565582621991	0.384580048784743	0.249825944695911
chr2	74811000	74812000	0.641369301652894	0.464712394935115	0.257564094904549	0.308943361785642	0.393024471166578	0.217656360414306
chr2	74812000	74813000	0.589308963717159	0.484747143150251	0.279834843295899	0.295714983544571	0.357981081230413	0.211338431794991
chr2	74813000	74814000	0.544769094003558	0.517115985375967	0.330399175292697	0.290034530810667	0.324104927397233	0.222679371562226
chr2	74814000	74815000	0.441045914636976	0.448221844953603	0.388909036636865	0.312107065103595	0.296238197593172	0.217955007381978
chr2	74815000	74816000	0.374388038835864	0.378689279126244	0.335517584861303	0.286891124405432	0.233485665545779	0.204781155939714
chr2	74816000	74817000	0.475926175486378	0.415279405798646	0.380333932550953	0.380004504083169	0.317252302661941	0.212951636045827
chr2	74817000	74818000	0.719685400247045	0.592487715348219	0.476663057446706	0.49758348255606	0.379529324737752	0.295072303930197
chr2	74818000	74819000	0.833285334432723	0.622040125648714	0.537709819951296	0.472326895415157	0.42879762793118	0.329548979381304
chr2	74819000	74820000	0.893536616017403	0.647980904102411	0.535837487310002	0.435306199713054	0.438948778219913	0.346062759458766
chr2	74820000	74821000	0.914143944442951	0.73429081623757	0.563339992967379	0.420043101796449	0.520817717058801	0.395846772274702
chr2	74821000	74822000	0.785116371252623	0.664071852624967	0.611741659330567	0.306016195017602	0.481015095209502	0.430770921635628
chr2	74822000	74823000	0.713338133103855	0.500387535386953	0.55415916014685	0.146910412955306	0.467359648110151	0.389009177065423
chr2	74823000	74824000	0.656790500647375	0.440894770452487	0.577676823535732	0.211450196132072	0.511119979598428	0.349956743931417
chr2	74824000	74825000	0.561718198441984	0.381471406049989	0.475640471332817	0.193779068419531	0.474012830091874	0.309415167970183
chr2	74825000	74826000	0.505123934829275	0.2707860709298	0.411108632676974	0.187553978380091	0.385988140882592	0.285006023397388
chr2	74826000	74827000	0.554278315693161	0.302660836566567	0.352622247834114	0.236966711271135	0.339370558919499	0.225798704212188
chr2	74827000	74828000	0.557746385696732	0.371078388084831	0.349758398933031	0.243254822231072	0.304378883456566	0.239622769834952
chr2	74828000	74829000	0.618698174078846	0.465549868979866	0.299481320080428	0.217928958040046	0.272336314137145	0.276850019314163
chr2	74829000	74830000	0.720269524024301	0.638458056260268	0.332789056590805	0.274774473893983	0.391211055956017	0.313326977861851
chr2	74830000	74831000	0.767540775876299	0.686426969128115	0.406313634779525	0.289895338633156	0.508503145950804	0.295854091775814
chr2	74831000	74832000	0.74107883381109	0.702090846082053	0.457628049296188	0.276291690848482	0.483128374841441	0.327651670269977
chr2	74832000	74833000	0.594051623175288	0.622916419456808	0.424526328342209	0.335835515006051	0.460921799417225	0.277764014303647
chr2	74833000	74834000	0.486908117686915	0.570898354467056	0.3691089123833	0.34280753706402	0.384442819316215	0.237505489960639
chr2	74834000	74835000	0.441021794928584	0.498190836643083	0.445615148119438	0.38235973858603	0.308615687074251	0.200894080201349
chr2	74835000	74836000	0.464184071834815	0.567184356903879	0.395526562964671	0.476429505545621	0.241233462235084	0.223282317155146
chr2	74836000	74837000	0.54329501541986	0.548158362119572	0.356804015215845	0.517622407753703	0.28410472000977	0.217512426184974
chr2	74837000	74838000	0.63498123469296	0.557123881874971	0.493678748286751	0.617407863300483	0.31603159927817	0.22758818888745
chr2	74838000	74839000	0.713120059143808	0.533317605277841	0.492850448315612	0.559292672916259	0.331852937662344	0.222203304463157
chr2	74839000	74840000	0.705301677452416	0.497254856875953	0.410445714142158	0.478712622761824	0.282337762913602	0.197529216780091
chr2	74840000	74841000	0.654661045321582	0.493216625321308	0.394634210504798	0.408396301866023	0.268630220599543	0.18611267343088
chr2	74841000	74842000	0.601994481000132	0.453669716386185	0.375119970579364	0.35752174176625	0.24638125920186	0.220823697253294
chr2	74842000	74843000	0.508344115132055	0.40342012452199	0.233225356693948	0.202943022759996	0.207078816941132	0.216945991247543
chr2	74843000	74844000	0.487292053403643	0.408958929488223	0.29139606165422	0.205951285085667	0.224227469803564	0.284797367253491
chr2	74844000	74845000	0.506110355603069	0.491096555220714	0.341049902989625	0.201884466628998	0.275208045980644	0.332492891025459
chr2	74845000	74846000	0.51293334687042	0.441086260595768	0.360073677175373	0.20636591004674	0.27683093769139	0.332052882567824
chr2	74846000	74847000	0.448887337920293	0.456209773558678	0.309032374595675	0.192820043358823	0.281388183421501	0.293325359522088
chr2	74847000	74848000	0.514641708769867	0.488927548587584	0.318711431613806	0.243653573097684	0.390173723922353	0.280191614278909
chr2	74848000	74849000	0.493448655531746	0.48036960219637	0.262453054439181	0.260628064053846	0.409090407643338	0.249162148982376
chr2	74849000	74850000	0.447872229205019	0.365405982844906	0.211593564579647	0.270217782120593	0.366147284047844	0.260955938241282
chr2	74850000	74851000	0.449860996004015	0.373114662069935	0.216805456854801	0.293777521160593	0.367170757847155	0.250422793468822
chr2	74851000	74852000	0.566848309368987	0.436108255725358	0.314169495110718	0.41508781085929	0.370246566493159	0.256594178014929
chr2	74852000	74853000	0.508493351559328	0.445334155825894	0.305852076681795	0.360011309138524	0.290300387798333	0.256390641371688
chr2	74853000	74854000	0.452121474617397	0.465198435360911	0.304537338568918	0.318602790173322	0.255403649434876	0.21966837572921
chr2	74854000	74855000	0.520068941827004	0.509790083054978	0.393079103566017	0.336165972318734	0.277721881591334	0.191560553215734
chr2	74855000	74856000	0.598075655166281	0.577222689267463	0.412161170917197	0.286333822750272	0.371385316671359	0.213210101022134
chr2	74856000	74857000	0.516114233422908	0.542619539441385	0.349505366762535	0.16384756227173	0.355521713530205	0.21491377916531
chr2	74857000	74858000	0.529489816100087	0.466575075223301	0.324739284444899	0.132123802177995	0.32356287078865	0.23571041390677
chr2	74858000	74859000	0.553035605583244	0.391537573306818	0.284868410430193	0.146601350468881	0.282487675088559	0.230713693933287
chr2	74859000	74860000	0.415504766667867	0.328515929350399	0.186798903298727	0.0980331503612926	0.226602912435039	0.181354910330134
chr2	74860000	74861000	0.367820666151873	0.207563500440233	0.20235234650032	0.115484881207626	0.115024731558674	0.151606271745202
chr2	74861000	74862000	0.354871170456143	0.190589053507107	0.236769971145905	0.145570741681163	0.10835341786809	0.160236716095278
chr2	74862000	74863000	0.349199378502845	0.2188850851335	0.238252037241769	0.188377368626845	0.137405999594229	0.139380320564807
chr2	74863000	74864000	0.379959882535041	0.341223157274505	0.292035460352461	0.255635599743027	0.182810339371165	0.196471207112607
chr2	74864000	74865000	0.531101367411637	0.497157137022065	0.329677792620659	0.372877312858481	0.253477231547601	0.266741999784738
chr2	74865000	74866000	0.519641565237731	0.548543572533593	0.345589094637591	0.402514252386062	0.256410080609901	0.281864237200655
chr2	74866000	74867000	0.580568578444156	0.574190695499618	0.312002536773705	0.411439974684808	0.257926461077854	0.262789167186358
chr2	74867000	74868000	0.716148887763026	0.593507887677001	0.353369683548045	0.484760887155958	0.268216232305544	0.272463170573694
chr2	74868000	74869000	0.743372384626184	0.529299903353582	0.363909504422972	0.42033977578224	0.265756117664246	0.224247527622711
chr2	74869000	74870000	0.674958598531014	0.40417758749013	0.349188430470758	0.315671975455326	0.226442980775669	0.159750996474024
chr2	74870000	74871000	0.617394539732646	0.376493880917986	0.299043727852331	0.301115895632809	0.238567908996742	0.144030780898523
chr2	74871000	74872000	0.615418715519313	0.410672372252012	0.298852687113462	0.30862303000368	0.258566735754123	0.153818297517081
chr2	74872000	74873000	0.495261375543427	0.346769820843659	0.286601313161106	0.270034172974428	0.257807313228862	0.162763648148288
chr2	74873000	74874000	0.495464573595797	0.335909880207155	0.290301425310647	0.303913371731974	0.254725360824917	0.155143118285212
chr2	74874000	74875000	0.561537542013529	0.398882036594886	0.334464835699347	0.3151639290766	0.302734774632752	0.222025098393163
chr2	74875000	74876000	0.718786373825777	0.435097601793566	0.369689167638933	0.306363721549156	0.326460049696188	0.279286440276101
chr2	74876000	74877000	0.646923613001325	0.351058388836755	0.365044067755757	0.282894093417656	0.321106399730871	0.268403060997913
chr2	74877000	74878000	0.677727513543192	0.507239275076853	0.407295298686131	0.341174649523595	0.361551734226146	0.239349418329959
chr2	74878000	74879000	0.627091754227399	0.496859593827836	0.351716145980679	0.307324727714548	0.343122765181536	0.251019767510568
chr2	74879000	74880000	0.623123236621011	0.418078127951387	0.341208564128038	0.358550146287473	0.34969524550564	0.248311259550496
chr2	74880000	74881000	0.512678061405677	0.362069340842703	0.342773175502393	0.375857834700546	0.342280330725473	0.196198573246426
chr2	74881000	74882000	0.553660193730106	0.434939838763226	0.390112924182797	0.380758445465743	0.383630533456771	0.189398530477232
chr2	74882000	74883000	0.512663550127585	0.410402118238681	0.382740316067235	0.331502581609189	0.396501857657826	0.267403229687799
chr2	74883000	74884000	0.537380095737224	0.433644470149764	0.454649023207819	0.345997045090178	0.437263203349262	0.274627377082851
chr2	74884000	74885000	0.506813057251429	0.478224349825277	0.423526215153163	0.320454071563723	0.406638860647418	0.231986037983306
chr2	74885000	74886000	0.48422617221415	0.511032850718331	0.39376640490895	0.296485150080871	0.404514214048168	0.229564452273152
chr2	74886000	74887000	0.482096963006608	0.456635504101359	0.361032183141641	0.294695726315766	0.349840525431026	0.231932742090273
chr2	74887000	74888000	0.537876289115664	0.44913782687162	0.374986240263322	0.279056655825161	0.338843967094656	0.207793922522926
chr2	74888000	74889000	0.581667543249512	0.475042255245425	0.426217462015532	0.314465409269748	0.373154409796884	0.19604772218939
chr2	74889000	74890000	0.548528698340801	0.496746502964593	0.429376618402602	0.333711857641055	0.352371268677855	0.199551772105894
chr2	74890000	74891000	0.537735352047788	0.513783018535421	0.421978811572625	0.366177658045905	0.328655969543902	0.202601222402732
chr2	74891000	74892000	0.561844097532636	0.509180611317394	0.394124808796914	0.40246521565291	0.372260884197644	0.234802329933202
chr2	74892000	74893000	0.580717837991246	0.50698971402347	0.330084512304925	0.364342931985218	0.318894313226453	0.210268549636311
chr2	74893000	74894000	0.577714955832397	0.480812102597791	0.271578360714587	0.302971811229378	0.320933959834964	0.247153660914922
chr2	74894000	74895000	0.547057095584999	0.405889518371435	0.281018144135329	0.319309656080077	0.355177357057817	0.220755149883304
chr2	74895000	74896000	0.633289469643988	0.393849240322854	0.289362576599236	0.335631069292208	0.366615703159455	0.234194754599816
chr2	74896000	74897000	0.64826880071944	0.467788692195704	0.348925323003905	0.349303413877224	0.381915863437447	0.232033915085906
chr2	74897000	74898000	0.551781964644568	0.36318697896443	0.365023685384157	0.360273326366276	0.356933313512708	0.238014519314759
chr2	74898000	74899000	0.490626021619846	0.330383851679933	0.338793221893521	0.398832733512536	0.305396680827081	0.217308330719563
chr2	74899000	74900000	0.513524405184353	0.357576928553582	0.325950415908172	0.379465568816737	0.288840563851468	0.226224761765735
chr2	74900000	74901000	0.439468919706383	0.334185102292081	0.312737987701781	0.375442494020459	0.290901033267742	0.203246245615976
chr2	74901000	74902000	0.324724809103545	0.203755325556398	0.221295262745616	0.30969518013322	0.21410434768463	0.145672687683269
chr2	74902000	74903000	0.310751733354154	0.225572660069319	0.228103092159404	0.299580055765605	0.213293553884371	0.107694074065479
chr2	74903000	74904000	0.394172260996962	0.261064213291677	0.288218960047856	0.307064949913131	0.229703914217002	0.113253668491452
chr2	74904000	74905000	0.493271966871784	0.306639176948932	0.287088779202233	0.316931130202366	0.247329800706791	0.141607729105665
chr2	74905000	74906000	0.511399962454214	0.389330934098892	0.358032371737916	0.283195703039457	0.274856894620768	0.181612694360537
chr2	74906000	74907000	0.58415939809399	0.453974531044304	0.426911414947517	0.295287614058879	0.357250569599231	0.227424907359919
chr2	74907000	74908000	0.617420012666811	0.487318650801533	0.4302465738857	0.300970864551527	0.404036939244777	0.237141272413309
chr2	74908000	74909000	0.572708602980699	0.52357204162684	0.392013898700464	0.305764412918276	0.366753375961637	0.242861038060867
chr2	74909000	74910000	0.478702523726036	0.488573063424152	0.356762479011393	0.308721756481583	0.375810656194728	0.204235761688479
chr2	74910000	74911000	0.440552637355217	0.424286554260265	0.312327312058093	0.341206589615786	0.30475628551897	0.172181953794299
chr2	74911000	74912000	0.400781467994862	0.407683153650423	0.280031243906372	0.345797192144492	0.225834952798452	0.127196872407209
chr2	74912000	74913000	0.462442240668647	0.467710555907461	0.256366117263243	0.33818430656942	0.209406469836638	0.111279136164364
chr2	74913000	74914000	0.487953822354836	0.447112931194039	0.267422783838693	0.311848807534547	0.240728979923421	0.100833013324752
chr2	74914000	74915000	0.459849231456374	0.477049247242287	0.304881600360728	0.265495011983711	0.259007260460302	0.146179302479288
chr2	74915000	74916000	0.509821837483317	0.526323662428214	0.315967815878837	0.238081847360246	0.312515174478464	0.177136088804713
chr2	74916000	74917000	0.527119716209322	0.543412273178908	0.34390935616713	0.210121711060119	0.311658540663925	0.213054569913682
chr2	74917000	74918000	0.508663765398627	0.463299278611989	0.399010041838247	0.203826165599085	0.292199005770526	0.262863408242749
chr2	74918000	74919000	0.638257107654262	0.472803620976239	0.417563920794102	0.332508252151483	0.308136742154916	0.242272108629535
chr2	74919000	74920000	0.646611251706697	0.447223342025223	0.406725424688296	0.33228112953478	0.248415738898955	0.207737366024783
chr2	74920000	74921000	0.60415312439718	0.405220366628707	0.392301270149929	0.31304017537155	0.278071892708247	0.205654633098179
chr2	74921000	74922000	0.713841159291357	0.461230119220969	0.425692943706375	0.391126424370699	0.36387667122814	0.2036944664161
chr2	74922000	74923000	0.761122425037459	0.558146643834438	0.431382359865464	0.472548488755142	0.397446374278043	0.177060353287104
chr2	74923000	74924000	0.68805464220079	0.579711201279827	0.428982353443934	0.38691512976608	0.397004364575472	0.206030344380622
chr2	74924000	74925000	0.74700502038871	0.578184684315306	0.440193661413505	0.442407701624716	0.404279761798979	0.257063096475478
chr2	74925000	74926000	0.852784603860942	0.588884237949647	0.466870167033626	0.491266348442689	0.43638850809795	0.279635038333423
chr2	74926000	74927000	0.83300019950707	0.573081160922925	0.451220060705047	0.528148345867975	0.486591189385256	0.282280379314884
chr2	74927000	74928000	0.777196172503129	0.508742148661581	0.442342310635759	0.488442491915841	0.496961070193826	0.304318848833353
chr2	74928000	74929000	0.683022530740805	0.463477318020922	0.437042475417374	0.449549409322772	0.472579134518118	0.301940163756363
chr2	74929000	74930000	0.698788580214759	0.495961343826682	0.485943354093451	0.463541385892057	0.474379048642679	0.27253682660884
chr2	74930000	74931000	0.687790486872525	0.4818279299362	0.459218377744789	0.481061018414154	0.419446492781589	0.278046712977994
chr2	74931000	74932000	0.676980788677257	0.472466395521574	0.467450751579618	0.419020001901409	0.345658755858359	0.325992660868706
chr2	74932000	74933000	0.695743638427756	0.47435029227041	0.447365583136181	0.384164156357649	0.314648893480608	0.337054656139578
chr2	74933000	74934000	0.761816873443975	0.476270168558634	0.401900065426316	0.388363446835756	0.333383669685412	0.314233773466576
chr2	74934000	74935000	0.662775244904039	0.468769974258517	0.391023154763079	0.386529605235563	0.331063681598206	0.313011426743794
chr2	74935000	74936000	0.606295384071245	0.469592884491178	0.440707667750679	0.388191034086266	0.321503496587112	0.304720507401317
chr2	74936000	74937000	0.66326084855436	0.543165812079495	0.403222672212402	0.40739994970538	0.291767404895747	0.259453489736664
chr2	74937000	74938000	0.693346132643449	0.507840309064259	0.442976846211217	0.403962414972504	0.325705522675843	0.277953390830161
chr2	74938000	74939000	0.599153469453763	0.461901448604831	0.440309787620924	0.390606712270632	0.289226213179743	0.294563668832028
chr2	74939000	74940000	0.595339463068944	0.387543308753385	0.378419348144425	0.321280388414043	0.26908016208178	0.289677678639542
chr2	74940000	74941000	0.5530293256066	0.350193358098157	0.311114719232918	0.269251964278679	0.254282987748128	0.253496499792813
chr2	74941000	74942000	0.471248834785694	0.240531741646522	0.341898802949371	0.260782224918931	0.280928077671121	0.235151249254329
chr2	74942000	74943000	0.382720102153152	0.219007384440529	0.325171149289991	0.290497912429752	0.222149593868801	0.197616826460805
chr2	74943000	74944000	0.438074418740197	0.25227584989458	0.340113124960533	0.327852115601014	0.251527711075635	0.213949464886864
chr2	74944000	74945000	0.52616480881196	0.323962693127616	0.389986925875006	0.309697382109292	0.284111819869793	0.219592580764427
chr2	74945000	74946000	0.545436348301109	0.331925594034944	0.431073803256634	0.357047885549044	0.301160655485953	0.242765641435983
chr2	74946000	74947000	0.536970432385923	0.337299685656981	0.409518108427172	0.417443272657559	0.274585012035815	0.288449958635134
chr2	74947000	74948000	0.618917952409531	0.372217371969352	0.42537560263117	0.442748943691686	0.351773367080562	0.285126147573675
chr2	74948000	74949000	0.537867918183374	0.396458776698905	0.380761067816049	0.376741472531737	0.347166394048617	0.250996848396598
chr2	74949000	74950000	0.618303468121428	0.430119476120179	0.425112361052932	0.465949070338892	0.453812185227378	0.26329713263727
chr2	74950000	74951000	0.633773612081098	0.445712007043487	0.386670784853595	0.399664764170465	0.46562255038955	0.244738781382389
chr2	74951000	74952000	0.639170652903291	0.46369005316401	0.427316347037315	0.310526007288993	0.506801859012182	0.221420175644643
chr2	74952000	74953000	0.590380198200031	0.527831731002406	0.423548952083667	0.329002373057411	0.491629077010224	0.240014113401811
chr2	74953000	74954000	0.660733818352037	0.608601234434695	0.4857520842648	0.42198863689553	0.481529244906965	0.286471758552848
chr2	74954000	74955000	0.605042510498728	0.583502353963144	0.433808868703272	0.380159947940718	0.377392898888691	0.310100528757511
chr2	74955000	74956000	0.575284423773268	0.553518666638631	0.40031225030159	0.422045468298128	0.319481353070949	0.292772088012525
chr2	74956000	74957000	0.608348874453193	0.616708826421565	0.418156045391564	0.406653366999771	0.368661963921194	0.362175816755576
chr2	74957000	74958000	0.825502538687449	0.637345194565504	0.466648199769077	0.383749052369446	0.369216835599099	0.40848287824069
chr2	74969000	74970000	0.743614502304961	0.889435911569001	0.559683230454481	0.573730232384717	0.506105501761324	0.364629437924093
chr2	74970000	74971000	0.65795995325929	0.73838064972545	0.496294450159577	0.445144499769474	0.410554373287334	0.344541748476856
chr2	74971000	74972000	0.520846062355352	0.645235663304438	0.470991627115215	0.343406522381717	0.260435962022518	0.263170826686405
chr2	74972000	74973000	0.443998371461573	0.485824315329445	0.356162826795236	0.279348249263205	0.209814145264962	0.228550607527355
chr2	74973000	74974000	0.554243334566383	0.483423381245544	0.365005632724609	0.329951064298861	0.243258247600085	0.219361502709392
chr2	74974000	74975000	0.621167554513649	0.511457537223115	0.43534835198972	0.292130072589639	0.25456677844659	0.228950618876415
chr2	74975000	74976000	0.60149187673127	0.552068725265403	0.458195626543625	0.317090502264509	0.300357796009909	0.243734082621321
chr2	74976000	74977000	0.584555024559487	0.572278125094619	0.479183562343008	0.333948990412845	0.324928827600382	0.279878542525249
chr2	74977000	74978000	0.635011075674023	0.585192261949336	0.480155092162684	0.354825334352086	0.369547065139317	0.370732189386521
chr2	74978000	74979000	0.546142519316097	0.523271222151904	0.455601006073817	0.32180977338531	0.348176887834603	0.408599110484218
chr2	74979000	74980000	0.504827213492691	0.491654654685314	0.355132353070578	0.352086152823218	0.348195861539624	0.409503016868591
chr2	74980000	74981000	0.507045581979195	0.51410298261652	0.357179616076737	0.371803061263207	0.332681889935763	0.417708611486141
chr2	74981000	74982000	0.527128205014315	0.495937339321071	0.316122511262334	0.399665781167663	0.326805848737097	0.399598849307118
chr2	74982000	74983000	0.444668167125289	0.476962015109713	0.273962942021067	0.39336218800409	0.258385712444747	0.297313183808
chr2	74983000	74984000	0.485170248548476	0.503850433946338	0.241794395336627	0.41494526939887	0.242875464571714	0.246771959409347
chr2	74984000	74985000	0.502046777871721	0.48174079117525	0.213999811482601	0.389820488696848	0.218003278687159	0.207653838698623
chr2	74985000	74986000	0.559693093236927	0.462433427799196	0.232726254256885	0.408331614255999	0.224489904209804	0.201694928060887
chr2	74986000	74987000	0.599804040919623	0.459187507801467	0.289051367688585	0.423648875512308	0.227138647691267	0.202836695679816
chr2	74987000	74988000	0.697464567378559	0.47176476147607	0.383460996129186	0.428940781730069	0.311212977427601	0.218081696506341
chr2	74988000	74989000	0.599648934994821	0.342175092438446	0.364727384208028	0.341424983713624	0.254061907977679	0.175058851445668
chr2	74989000	74990000	0.535240956117133	0.267999236801124	0.355783754431463	0.280111468295839	0.240040439268794	0.141438888824497
chr2	74990000	74991000	0.430986945309635	0.250074811687222	0.315871807646301	0.223173536251001	0.224083644938802	0.110963029628383
chr2	74991000	74992000	0.40299117573013	0.261738594106507	0.30600001286525	0.228590921007479	0.230861621618356	0.104438961536254
chr2	74992000	74993000	0.414997803442209	0.304396923609286	0.253619115612212	0.289943801842478	0.253437584222483	0.103313610249423
chr2	74993000	74994000	0.505579962061025	0.350355354156924	0.322836166079243	0.331262797515666	0.320337081611396	0.113144693630804
chr2	74994000	74995000	0.474035050614699	0.304330293030634	0.307396886556694	0.391291869203103	0.339213655030598	0.136937641487922
chr2	74995000	74996000	0.470689289413545	0.303426591973777	0.322093755714904	0.376006936891949	0.318029230512597	0.131363136056236
chr2	74996000	74997000	0.444122933203702	0.29942378765452	0.360453384756173	0.381317436167474	0.321410776003862	0.144601368545957
chr2	74997000	74998000	0.345655167097712	0.217440151544907	0.344799442123549	0.300474284707224	0.243896902416766	0.169423689577076
chr2	74998000	74999000	0.323130531650159	0.209397163545847	0.331526941643258	0.301296575190663	0.186622638193589	0.241724403793974
chr2	74999000	75000000	0.438596309183032	0.273011760281932	0.35460186767567	0.274183080712301	0.180616734514182	0.23948875405236
chr2	75000000	75001000	0.526390362011823	0.272519757638721	0.362205252469148	0.284955619438018	0.199981633733375	0.25304263138786
chr2	75001000	75002000	0.560055818230804	0.261572626201849	0.356446958759027	0.216408436592413	0.197806141326853	0.249807151139469
chr2	75002000	75003000	0.653926767722722	0.374520094427114	0.497424299268273	0.320028676208226	0.288183357196675	0.293540636747451
chr2	75003000	75004000	0.590238520614003	0.375881844109146	0.486078063776541	0.305210519194127	0.340151680186637	0.24241891645295
chr2	75004000	75005000	0.530296739148174	0.445577649913734	0.52384606172224	0.302520623214503	0.418815806060884	0.278205404330343
chr2	75005000	75006000	0.569965859512347	0.450277540053772	0.537324397929673	0.345282975047827	0.44341696722187	0.339165874434552
chr2	75006000	75007000	0.622257315500265	0.49492186544992	0.508243434882497	0.37665617792732	0.472003627308493	0.422882679992693
chr2	75007000	75008000	0.547022107557755	0.47957665075359	0.418483580741419	0.327215952101994	0.411579723458233	0.412355006935991
chr2	75008000	75009000	0.590411987828714	0.538218240181489	0.475212047405154	0.343875383860032	0.395563030044391	0.43681919923608
chr2	75009000	75010000	0.615517973778908	0.473246651441688	0.454949440405908	0.339719394517354	0.354889699859724	0.393224991770953
chr2	75010000	75011000	0.498592306598592	0.533320220315162	0.478190425730693	0.364195391808793	0.324361326082941	0.365462802915647
chr2	75011000	75012000	0.430230366034814	0.452033225688624	0.470725781018585	0.359132506486883	0.294148819112727	0.295328674117949
chr2	75012000	75013000	0.375036126395518	0.356878852757453	0.456057622011277	0.281470468207791	0.261192845363449	0.243466592007296
chr2	75013000	75014000	0.490421747082985	0.452514589603797	0.49816990383646	0.307658282574192	0.271216906214063	0.212783006201973
chr2	75014000	75015000	0.567844268537182	0.478186982812971	0.469732590539261	0.346154410900405	0.260951817897802	0.209900435999937
chr2	75015000	75016000	0.648941822308599	0.490734546362182	0.481155343960038	0.361485189725452	0.318471497125002	0.200639918682962
chr2	75016000	75017000	0.691000582136465	0.546079829591354	0.549057994420251	0.382484284423482	0.345889762287272	0.206193671371064
chr2	75017000	75018000	0.713044448291751	0.563922480890607	0.548043904691186	0.399948824920414	0.374007521812134	0.205961384095768
chr2	75018000	75019000	0.593373115575382	0.409188017227639	0.506109298270656	0.329517912784714	0.387793759715408	0.17424333094502
chr2	75019000	75020000	0.563596230520941	0.400747261056069	0.625794909831579	0.336003194494138	0.42669042042803	0.256079075932094
chr2	75020000	75021000	0.611269852773097	0.337615635411096	0.636803676974537	0.25226640407957	0.368525068303325	0.267649818070083
chr2	75021000	75022000	0.650806936769632	0.350089005271321	0.590858610206118	0.248633299369049	0.328783183549717	0.235309746187291
chr2	75022000	75023000	0.690601160673489	0.370836463778072	0.629522100750597	0.290886716500473	0.329482502551686	0.227393423208329
chr2	75023000	75024000	0.687235441027589	0.465605934468007	0.592154903692871	0.350279702019347	0.34474600030125	0.289734979626815
chr2	75024000	75025000	0.672157693268415	0.508503389363645	0.525278910343705	0.289895122597449	0.32474820755176	0.247003072517459
chr2	75025000	75026000	0.654441867891518	0.576222596075877	0.503505831776166	0.367262176706051	0.368139303609924	0.243766300816348
chr2	75026000	75027000	0.58155462954454	0.545926029856877	0.467428481637245	0.363982147415404	0.355743788246503	0.227871080752891
chr2	75027000	75028000	0.623978480889092	0.54449808463707	0.453025406963923	0.370363256748348	0.381883573271135	0.263196794068515
chr2	75028000	75029000	0.624162408101393	0.444797565301251	0.401330425716623	0.346876564425113	0.391061087836238	0.268215046554415
chr2	75029000	75030000	0.566398981485597	0.391365403882797	0.319787063714831	0.378907499888089	0.417826635261403	0.272590690150688
chr2	75030000	75031000	0.489123175213127	0.40020866668049	0.252725714204466	0.389439371917082	0.36569042656929	0.265468497475483
chr2	75031000	75032000	0.443591602549033	0.4114410005593	0.223913308994904	0.350070228591227	0.374974952153187	0.30764118540447
chr2	75032000	75033000	0.37295640322183	0.426926945338801	0.206143683311384	0.312697123255963	0.369904903731386	0.335257288686888
chr2	75033000	75034000	0.374431981225061	0.480442864325322	0.251110389966941	0.32717700009296	0.324030771598212	0.30459868024638
chr2	75034000	75035000	0.444924386603681	0.499307904893904	0.286034974905705	0.315258833201935	0.286356879127337	0.292147341555219
chr2	75035000	75036000	0.531916080039632	0.469242982335635	0.338449129108817	0.285653771548561	0.322688952796313	0.325541745104299
chr2	75036000	75037000	0.634020917190137	0.491076615142868	0.370393626383011	0.343114340016957	0.342488988105125	0.336970599370665
chr2	75037000	75038000	0.681419207615963	0.462227634392863	0.371304796300069	0.443038964027666	0.325939315602546	0.306521870802186
chr2	75038000	75039000	0.709728691495728	0.44171955973575	0.340848679514968	0.458665658666697	0.337124158257298	0.310143924267671
chr2	75039000	75040000	0.633305970787899	0.452853605475628	0.291055762794354	0.498193628943254	0.324273945639862	0.306877720511794
chr2	75040000	75041000	0.530832962909386	0.43084701905819	0.232598042382284	0.484658960497708	0.340633075803571	0.239114762576176
chr2	75041000	75042000	0.436059285510119	0.409151851474874	0.223305396208713	0.445658788146938	0.306127439602481	0.18548678162251
chr2	75042000	75043000	0.428156381269036	0.444685513146779	0.221439841183021	0.368970155742926	0.314201151660659	0.199912233399462
chr2	75043000	75044000	0.345576045169675	0.378924704162488	0.185467250506539	0.303364568074973	0.270186286736553	0.184787420722291
chr2	75044000	75045000	0.303953883376465	0.273040703373486	0.184895875886073	0.234055401580013	0.212160545597118	0.148679739307196
chr2	75045000	75046000	0.304544154381245	0.251173112513331	0.208460700841027	0.245607123085403	0.155931134136332	0.202547713726819
chr2	75046000	75047000	0.353792678357352	0.327607251090884	0.242690115529212	0.256459326464785	0.249377194592827	0.268570190581903
chr2	75047000	75048000	0.34468521631406	0.333154143484887	0.224702404377994	0.249926454187514	0.280204716634496	0.240281296799475
chr2	75048000	75049000	0.422561769018985	0.454804628352818	0.255890886363511	0.295524563681138	0.354615160541942	0.24712571710207
chr2	75060000	75061000	0.510321884807577	0.353815781095023	0.327140706193273	0.385011804256713	0.287313155931513	0.275573534913687
chr2	75061000	75062000	0.576408069822341	0.414244536259937	0.340430200447475	0.492372014908078	0.271042208897922	0.347949768488944
chr2	75062000	75063000	0.604134444436937	0.457705664932047	0.361079614679999	0.462014323044542	0.301445804546684	0.401409676259455
chr2	75063000	75064000	0.662995476495707	0.50879573779228	0.438557505460451	0.511542732740612	0.358638742526773	0.412411210386594
chr2	75064000	75065000	0.77714286035888	0.563500268728645	0.53968789086533	0.5615939813508	0.397912547020242	0.401306091053941
chr2	75065000	75066000	0.740965817617344	0.554423778952443	0.589317709933354	0.499514270738746	0.405698805289458	0.380348467794677
chr2	75066000	75067000	0.672063178651611	0.448003942414574	0.492662378095418	0.34109100429898	0.380340250522027	0.278422219241714
chr2	75067000	75068000	0.667575565049413	0.45970539418856	0.461752265806218	0.318349090044736	0.358338865836773	0.23889001098385
chr2	75068000	75069000	0.676930655095028	0.520377656341678	0.406105473092686	0.27601739875664	0.35428069327396	0.250239783949162
chr2	75069000	75070000	0.531802015910463	0.475013203871379	0.319989593288974	0.232649533961437	0.336342159757961	0.269044527561078
chr2	75070000	75071000	0.603787251818023	0.501537542848029	0.294269788981427	0.204749391796667	0.311026541456168	0.263472993288261
chr2	75071000	75072000	0.66309509885781	0.553561367504981	0.343067810580574	0.22357075346111	0.305844194027803	0.285673666440969
chr2	75072000	75073000	0.616217235242822	0.488923889315189	0.35185160922038	0.232743840623616	0.292612090432259	0.28213399982068
chr2	75073000	75074000	0.553220310522413	0.421809584338449	0.334305198954602	0.225608424382133	0.241103123036332	0.234607356718045
chr2	75074000	75075000	0.616293524355675	0.437524316359133	0.313432348574561	0.269359076750822	0.230018814774406	0.212161982102877
chr2	75075000	75076000	0.530160045766778	0.400911831395494	0.237858617263742	0.337522597959852	0.237586216361518	0.227529772444777
chr2	75076000	75077000	0.493441015916299	0.396714578128663	0.230721392962212	0.354087520048696	0.226607222643462	0.216815514599895
chr2	75077000	75078000	0.497027038784036	0.415049923127004	0.200347773371453	0.3318262694417	0.2761282446632	0.191294437046524
chr2	75078000	75079000	0.51370444797614	0.439763358319412	0.187046008175342	0.352178160030328	0.319125442596008	0.202216631657663
chr2	75079000	75080000	0.52196987182216	0.511466490941425	0.238338877320007	0.368899409425423	0.449745365835445	0.215549892194156
chr2	75080000	75081000	0.517875813677222	0.485453915863179	0.256201512779227	0.313454625999487	0.486875028601475	0.194420328452677
chr2	75081000	75082000	0.4548668639822	0.401672798860463	0.268371942215947	0.288101133841693	0.513485712300195	0.172268159529961
chr2	75082000	75083000	0.495588844628543	0.429719184717598	0.34375583898496	0.402640836733771	0.473534287470381	0.222750833958213
chr2	75083000	75084000	0.552394744286451	0.372155434005904	0.396847308103569	0.411184647942016	0.487152444408987	0.258174245336443
chr2	75084000	75085000	0.533458193814829	0.341152296770734	0.376602015009824	0.417031699096505	0.383487954808929	0.245595554966796
chr2	75085000	75086000	0.505906650643194	0.3403206556164	0.404066592894684	0.429539489627407	0.361840692423879	0.246716323336637
chr2	75086000	75087000	0.595994370356082	0.406323178390036	0.367499993687503	0.449696954225573	0.351946525359678	0.272828634396338
chr2	75087000	75088000	0.566864285864659	0.331433163721447	0.357653324345868	0.364466743604838	0.364102309413662	0.224435019692144
chr2	75088000	75089000	0.507418656979072	0.490587309150215	0.373255802196804	0.338595726586465	0.341350251094887	0.215936264645051
chr2	75089000	75090000	0.510054002845922	0.524763398594613	0.370337476715226	0.265204068601292	0.383976167143748	0.2459390020367
chr2	75090000	75091000	0.528307749519647	0.554179102574624	0.329456209186521	0.260593694326939	0.36922184748271	0.255425312909853
chr2	75091000	75092000	0.504228524278565	0.56233137986526	0.393321092535916	0.271837850818283	0.360779382180914	0.240947306639994
chr2	75092000	75093000	0.518277570692547	0.591107078523128	0.451080895238105	0.281686397365165	0.330437977710098	0.299533385642914
chr2	75093000	75094000	0.530366089619804	0.446747611031222	0.490789151222163	0.309859077394579	0.30200392015555	0.276461131896249
chr2	75094000	75095000	0.510528022138896	0.382369918245537	0.497324486117774	0.356959362696059	0.271516140774552	0.275329596454927
chr2	75095000	75096000	0.45556240580401	0.325980160639155	0.516225832237111	0.38264081871863	0.274322487419916	0.24589646849882
chr2	75096000	75097000	0.384120447315165	0.301589177934217	0.477686012533561	0.388866057298894	0.301327036679812	0.261921919006861
chr2	75097000	75098000	0.383658033596282	0.280304521805849	0.379094822721411	0.399414285645382	0.313829952911534	0.225668143801295
chr2	75098000	75099000	0.381847165782421	0.316667260283659	0.281706404594424	0.397510687799187	0.337707355307759	0.208835897777251
chr2	75099000	75100000	0.471051766958589	0.299981961589387	0.319763370239022	0.372281600142232	0.276267652224316	0.175257881466677
chr2	75100000	75101000	0.577189426484621	0.395823121550971	0.319444016480392	0.385516167017249	0.301786766104923	0.199056488759491
chr2	75101000	75102000	0.650548761719819	0.423183193560936	0.332100486386215	0.331434168878012	0.265641510860295	0.177785715182422
chr2	75102000	75103000	0.671930206958668	0.499166729330085	0.368973262389869	0.321448925230102	0.255182268979768	0.168083428399995
chr2	75103000	75104000	0.750233361908936	0.517035446813773	0.371444977417094	0.349093859278136	0.287717447893248	0.207011924530086
chr2	75104000	75105000	0.628196353791019	0.598478515604067	0.327284786362251	0.334438001392513	0.329887778199327	0.198099668376315
chr2	75105000	75106000	0.599134602607347	0.548820613152346	0.3340585420837	0.296741428889335	0.303284757590329	0.181974248539136
chr2	75106000	75107000	0.580228340078694	0.517950864647937	0.299651650611012	0.306733108173283	0.324311226227598	0.181217554901865
chr2	75107000	75108000	0.512521034854027	0.470563627995282	0.279908430187575	0.2859965227174	0.325759705708427	0.168764370188408
chr2	75108000	75109000	0.388883412832274	0.431069377966988	0.304709465845216	0.256396890518095	0.2497516337789	0.121457038717703
chr2	75109000	75110000	0.394347856532211	0.333743783238805	0.331642851641444	0.261596422572209	0.23110987778203	0.13124784119164
chr2	75110000	75111000	0.363951208219772	0.345028642527554	0.350516430151344	0.254535898520497	0.235664168558467	0.137282952867981
chr2	75111000	75112000	0.385223897430986	0.345884470812772	0.375540886817308	0.305624872685826	0.261607702065899	0.172944458805345
chr2	75112000	75113000	0.370306080524188	0.368830006582204	0.355885883042826	0.294427635014915	0.257412763847382	0.191045503400425
chr2	75113000	75114000	0.387132866408351	0.326072979621587	0.324923561637841	0.272584696129328	0.280778487658723	0.198243524638192
chr2	75114000	75115000	0.449835262166755	0.408486713591122	0.328723431645441	0.283459941353238	0.288143697452353	0.208470023267457
chr2	75115000	75116000	0.500953338090933	0.405612749852428	0.305759066945904	0.25292796427817	0.284602758510334	0.243680567272108
chr2	75116000	75117000	0.560719809455883	0.513190666276618	0.377129993869933	0.287355919659609	0.329758416650615	0.257913197018094
chr2	75117000	75118000	0.659895529565789	0.612790951910604	0.433159547642285	0.357667609594404	0.45305464447986	0.282392043888562
chr2	75118000	75119000	0.659779940857934	0.670205854480771	0.455782607873782	0.412290667113849	0.553955437447291	0.316752294966294
chr2	75119000	75120000	0.737959633018062	0.725602848795741	0.495375249148364	0.464745755889201	0.539956458514366	0.300765171989496
chr2	75120000	75121000	0.831071377109292	0.813227715421643	0.500243358661946	0.530501281953261	0.637502943073351	0.269234469776145
chr2	75121000	75122000	0.784613788093735	0.75397397031107	0.39580462681818	0.532750473819318	0.592606333023678	0.229258387032408
chr2	75122000	75123000	0.70047609618857	0.665250431474608	0.358583294221532	0.509167394872124	0.457907548726373	0.16803122857751
chr2	75123000	75124000	0.688320122283427	0.650876620908997	0.319482069584207	0.487951242939697	0.383378231249828	0.132891166328297
chr2	75124000	75125000	0.62729170110573	0.58923668743875	0.238059636906214	0.449780836991393	0.40454268613549	0.136401380819527
chr2	75125000	75126000	0.742293867795067	0.582099283002856	0.297889925707194	0.503684555457144	0.356797735277192	0.14201676980004
