chr	start	end	wt_48h_CHiC_CBS1	wt_48h_CHiC_CBS2	wt_48h_CHiC_CBS3	wt_48h_CHiC_CBS4	wt_48h_CHiC_CBS5	wt_48h_CHiC_CBS6
chr2	74780000	74781000	0.952406662957795	0.890935181109319	0.478995544004587	0.710858629107351	0.69551229183545	0.555052242032418
chr2	74781000	74782000	0.874746784729569	1.02763589060938	0.443001646396084	0.714882208528404	0.665264880100221	0.477372596856037
chr2	74782000	74783000	0.896453767280616	0.966353587272329	0.53703096785097	0.588882360244517	0.645623855185321	0.436940599981551
chr2	74783000	74784000	0.92614934884427	0.889220822572876	0.552671696239929	0.411284815418249	0.621148585559027	0.354184083321049
chr2	74784000	74785000	0.666537407208697	0.764510737909618	0.713725564834558	0.293954018194349	0.505060931178028	0.327314825614879
chr2	74785000	74786000	0.770067414043113	0.80679467445902	0.920067438189253	0.522411550250373	0.569110945623414	0.394401132771112
chr2	74786000	74787000	0.883618300841138	0.767525191383961	1.00159810328347	0.560501688727108	0.637269563255679	0.460888084912534
chr2	74787000	74788000	0.768692115722859	0.774855388681652	0.886509442354261	0.59785554932375	0.570255835448073	0.44994193906881
chr2	74788000	74789000	0.751995027971788	0.794804726179833	0.906183827597533	0.715955509741634	0.634150446648039	0.455751413878093
chr2	74789000	74790000	0.664381341390852	0.754868233675594	0.784295893843263	0.790401891016805	0.613529904429633	0.408736062241669
chr2	74790000	74791000	0.583560596558104	0.686990649018929	0.592412312573411	0.584393131942602	0.552997393677243	0.290679640567977
chr2	74791000	74792000	0.554406883415197	0.710889727662235	0.550913487136667	0.446255074783503	0.5461578034606	0.327979793605726
chr2	74792000	74793000	0.615014541668585	0.628499447524658	0.535492139484231	0.44987071901995	0.49455124125986	0.325733677307395
chr2	74793000	74794000	0.529304802683214	0.510123809700756	0.433846947834555	0.369923509378066	0.379276749275267	0.301669630338187
chr2	74794000	74795000	0.477636153610411	0.470865959468752	0.372373186938196	0.27806765124217	0.333373544637801	0.329999748449285
chr2	74795000	74796000	0.513802786198178	0.524638701008058	0.422865469926636	0.346413602597729	0.398735725597554	0.467148698855068
chr2	74796000	74797000	0.418492875239426	0.418093327529326	0.375111993427152	0.337524028470613	0.352399151356682	0.37682921088336
chr2	74797000	74798000	0.300201930640028	0.372833644091508	0.331026880795322	0.196851596934808	0.328109921264467	0.367813395149339
chr2	74798000	74799000	0.414498608147271	0.353825486670277	0.395421328805475	0.172189449461333	0.322924892996184	0.402740206732284
chr2	74799000	74800000	0.51828757134673	0.373727424653216	0.434166837402195	0.245974744557372	0.331421530550308	0.439555027629483
chr2	74800000	74801000	0.498298389124871	0.305332228917625	0.469652681317197	0.301986194715422	0.322959127906082	0.369452436292161
chr2	74801000	74802000	0.519479430237349	0.277032066612355	0.436421841007619	0.29820207410024	0.331031472313676	0.436322374245299
chr2	74802000	74803000	0.521076885342053	0.291103218281108	0.440376561868127	0.330145882757687	0.373214082599249	0.43085628147731
chr2	74803000	74804000	0.447770995662101	0.299361598251297	0.314477723285035	0.351829250972384	0.428437194980688	0.398042908576163
chr2	74804000	74805000	0.383381003916941	0.277076434867298	0.251268843337928	0.303355236958987	0.456991419392325	0.342450697311156
chr2	74805000	74806000	0.360772485686552	0.199843742708912	0.141356240884312	0.206221539570031	0.38221947719663	0.248665733219195
chr2	74806000	74807000	0.388401501138313	0.338705889234817	0.119193447330673	0.257781392390446	0.341122938630365	0.205577476327923
chr2	74807000	74808000	0.414093692216014	0.35589232991039	0.111123057667658	0.258381674223278	0.277055185789078	0.163049010683949
chr2	74808000	74809000	0.454410467755815	0.345822093400745	0.111123057667658	0.267069219702497	0.220243419017066	0.131976206198303
chr2	74809000	74810000	0.633148204203805	0.423623246191753	0.186555820516391	0.288684616202061	0.311192612379771	0.211223531028645
chr2	74810000	74811000	0.710233352542395	0.536264999173915	0.278510954660713	0.319262416957851	0.429239350962745	0.234830920294708
chr2	74811000	74812000	0.666909510947937	0.416469303432339	0.259287134557869	0.273172188706844	0.440697717691498	0.231569463712234
chr2	74812000	74813000	0.606299775088593	0.412473064048089	0.299365057219787	0.286250199741176	0.442369857036675	0.242834429273772
chr2	74813000	74814000	0.542747566481725	0.43313484737884	0.371901946583296	0.287008490886692	0.439890515588983	0.257352842507032
chr2	74814000	74815000	0.395592713769341	0.378373387385105	0.4111319975054	0.266995666064728	0.360363631119075	0.227302922515333
chr2	74815000	74816000	0.340091821230729	0.33976446015077	0.296328153780422	0.230932893853543	0.221271835080306	0.199021454288082
chr2	74816000	74817000	0.582763960684792	0.481952738388015	0.446756747129654	0.313239014791249	0.315327068832663	0.208671044775629
chr2	74817000	74818000	0.962236308373858	0.803221908700572	0.576072974234374	0.527749804193562	0.394863712778478	0.32059936947812
chr2	74818000	74819000	1.1173856465199	0.85056327410154	0.654867948580993	0.521293783440202	0.422040336115809	0.338356020182351
chr2	74819000	74820000	1.24181100187672	0.838343363896295	0.661706835545002	0.484727026160729	0.379484973132606	0.300696090954611
chr2	74820000	74821000	1.3076025264244	0.927150943303027	0.672744997771769	0.473397358451077	0.474687889445926	0.350400707163572
chr2	74821000	74822000	1.08815460712105	0.76995754628228	0.637513594036843	0.36688444209255	0.395134993083291	0.432474090073438
chr2	74822000	74823000	0.862880015675264	0.489149102629953	0.532120699002843	0.106751551165625	0.381001401217646	0.34637856370791
chr2	74823000	74824000	0.770232985697056	0.450730038923718	0.520875431355579	0.260724500829729	0.460697021703358	0.322735463880229
chr2	74824000	74825000	0.640299680595683	0.407044517445261	0.370410192225528	0.249248457625377	0.442543670160611	0.338439237240318
chr2	74825000	74826000	0.568750704153832	0.278789594165136	0.327362521237155	0.234776750768207	0.327422512720182	0.30352692835441
chr2	74826000	74827000	0.641511564731673	0.446921158573959	0.386151272874936	0.266284564710588	0.31726559525224	0.189561429430881
chr2	74827000	74828000	0.574439512140205	0.5762864068943	0.333369173002975	0.277940050618832	0.276085585587615	0.199021454288082
chr2	74828000	74829000	0.648767794998814	0.632619742016141	0.267364615385217	0.173183117222209	0.224186883497789	0.229003101941182
chr2	74829000	74830000	0.791475596317468	0.791498575946549	0.333369173002975	0.303383456657757	0.359420388199227	0.230193489297058
chr2	74830000	74831000	0.880714199488885	0.834622887160528	0.444492230670633	0.314082386272436	0.525520608315726	0.237817611427335
chr2	74831000	74832000	0.824808701420111	0.736511129091201	0.441619693435774	0.365862773537968	0.473553641278837	0.255443751311499
chr2	74832000	74833000	0.817225338121896	0.658068742846185	0.49696546220824	0.47017466332487	0.465853251095968	0.212447109298716
chr2	74833000	74834000	0.743861647037345	0.685460054026713	0.478528420091456	0.496744542347182	0.415757452550409	0.169821010569299
chr2	74834000	74835000	0.660150389962717	0.675610345932222	0.53383740266473	0.519951534203209	0.415031034581843	0.170589817961213
chr2	74835000	74836000	0.657443969607873	0.723129203998129	0.469546048887114	0.604293891436765	0.32376277709603	0.208716063399562
chr2	74836000	74837000	0.765951518444411	0.750836335115206	0.4113930809535	0.605752033574719	0.384699379415209	0.201184730965126
chr2	74837000	74838000	0.86430600396889	0.733600886701679	0.574754693964286	0.626260931823198	0.402131982247896	0.241827257790588
chr2	74838000	74839000	0.933290974705147	0.652519155530466	0.566304976899886	0.563438793368408	0.422866811185954	0.239665336694442
chr2	74839000	74840000	0.92706949724779	0.560527179332125	0.488146347613945	0.451245151874979	0.292925041702957	0.195141433839602
chr2	74840000	74841000	0.873727135056116	0.618852905488411	0.47218082710823	0.363234655743889	0.268800212850482	0.146202943779501
chr2	74841000	74842000	0.773391288502121	0.517473136319344	0.445511891434501	0.355464170427363	0.272298522988783	0.199021454288082
chr2	74842000	74843000	0.62370376364262	0.442330999318615	0.261756535839373	0.302601145434578	0.250160102438012	0.142789995774941
chr2	74843000	74844000	0.552443829846313	0.472080285141968	0.375506656681484	0.292971203409328	0.271824345307698	0.273873032391603
chr2	74844000	74845000	0.546604574343046	0.530549376776081	0.407327023361554	0.253085100429641	0.367595256800719	0.341672397634027
chr2	74845000	74846000	0.519993610200627	0.41587136030612	0.428790835239108	0.227668178628239	0.375501288529825	0.373939016507142
chr2	74846000	74847000	0.480670359038649	0.43550232985118	0.377170340437949	0.182085879930573	0.362844898883965	0.364153806452806
chr2	74847000	74848000	0.588341866846453	0.44819671179976	0.360633458165215	0.199366588829875	0.474417765021453	0.390538564659566
chr2	74848000	74849000	0.603104241642112	0.394228274903292	0.225717734372673	0.233813769107374	0.465843280393417	0.304785810090199
chr2	74849000	74850000	0.54353996432518	0.283904999562661	0.196945231987056	0.268316286592236	0.362861938742739	0.287703622005566
chr2	74850000	74851000	0.555791054810532	0.279903362808784	0.223084384511499	0.337672441294826	0.387225711390535	0.22777480644326
chr2	74851000	74852000	0.676307319717984	0.401403072171177	0.286133592591885	0.593889769334812	0.372000905827865	0.176047283757702
chr2	74852000	74853000	0.599177233987263	0.42011595502409	0.269063868618182	0.538503199298774	0.279651181172436	0.173603464959216
chr2	74853000	74854000	0.52408805696292	0.461759827187533	0.243034192304691	0.458943377033511	0.245619564619184	0.144530402756262
chr2	74854000	74855000	0.613008266146526	0.505507218472633	0.389145190004087	0.469553501536414	0.238281367857201	0.11955477735309
chr2	74855000	74856000	0.758398847093255	0.684292291708336	0.369571923049345	0.400197346833823	0.376818434401588	0.141836465806034
chr2	74856000	74857000	0.636676649608989	0.658322935931914	0.308892728582786	0.112586459462161	0.378330973526624	0.170589817961213
chr2	74857000	74858000	0.615430876359625	0.582757330940862	0.325915993072678	0.0670790716480591	0.324631249822601	0.146648878552938
chr2	74858000	74859000	0.63063763831134	0.488452398350707	0.333369173002975	0.134158143296118	0.283287483925683	0.118316405880423
chr2	74859000	74860000	0.508178128007939	0.409297780118164	0.20782138133338	0.100618607472089	0.259580261073487	0.0939747186882427
chr2	74860000	74861000	0.409510148673218	0.243584660094975	0.239691240517551	0.199289758025363	0.134069681594311	0.0852949089806064
chr2	74861000	74862000	0.480309773681456	0.184008699114136	0.222246115335316	0.280502317941634	0.120685346716717	0.0775235950512623
chr2	74862000	74863000	0.514531895640726	0.205942667176554	0.212235787443566	0.301855822416266	0.15291366270438	0.113726545307475
chr2	74863000	74864000	0.531933952438089	0.313852387798555	0.287794373780787	0.254560747073543	0.18226910347479	0.164039530346681
chr2	74864000	74865000	0.613452478945817	0.447687268637047	0.285590595315877	0.308296082412401	0.274451568511389	0.184513412534831
chr2	74865000	74866000	0.620097147151406	0.421775282969886	0.310055211008855	0.264949687185685	0.235904327400132	0.170589817961213
chr2	74866000	74867000	0.59250378360319	0.480902312853668	0.320481629448584	0.232791684231648	0.229258099834539	0.140037382463787
chr2	74867000	74868000	0.720448209006773	0.529962546836127	0.36300967681729	0.357447170090174	0.271063739022213	0.113726545307475
chr2	74868000	74869000	0.741534354705782	0.483643259640552	0.3365000553881	0.397014120340966	0.260274566685821	0.0755558229071636
chr2	74869000	74870000	0.688266071175082	0.417762634335998	0.311680257930432	0.33869065728718	0.180135006548928	0.0609897142896946
chr2	74870000	74871000	0.573875204425453	0.441194449764658	0.225988195062653	0.336857984614576	0.188848629581098	0.0836624705312168
chr2	74871000	74872000	0.520657265611907	0.375596066365869	0.27217467811226	0.325194393427457	0.230895120534547	0.0960382686771206
chr2	74872000	74873000	0.321496949709236	0.305079784383743	0.243248415284952	0.269313985532063	0.206411932683044	0.13919403231516
chr2	74873000	74874000	0.26856481820931	0.273763090367102	0.226156263346668	0.303626083495153	0.206885018249288	0.157301763042979
chr2	74874000	74875000	0.351997801846703	0.378196840394209	0.317335174589998	0.311263111650169	0.256588409033283	0.247600829050518
chr2	74875000	74876000	0.510381098593322	0.45304466761388	0.379560100099711	0.278526969675403	0.281354019964551	0.353593617283468
chr2	74876000	74877000	0.481351302856346	0.39136932083477	0.330467716885249	0.265689104796357	0.221271835080306	0.364305874720068
chr2	74877000	74878000	0.575664902750402	0.631607739411661	0.448353953951282	0.313098337036386	0.282977539321288	0.316031093553023
chr2	74878000	74879000	0.583974142099991	0.663716259521164	0.414404190976475	0.288233912080405	0.320674200100794	0.315989350727674
chr2	74879000	74880000	0.605511202384488	0.556116830783393	0.369386053740492	0.282712974139343	0.322419799387289	0.270540018148622
chr2	74880000	74881000	0.477427011575145	0.4987389194367	0.32634602221334	0.329036105108214	0.30424877323542	0.188239911376429
chr2	74881000	74882000	0.551786779558539	0.570280947144942	0.447393686788359	0.371562075860204	0.387225711390535	0.146612332566957
chr2	74882000	74883000	0.488219755091814	0.39724456669576	0.356163646370699	0.267563797006441	0.414264136750909	0.198702509649799
chr2	74883000	74884000	0.499957333231989	0.456813741928918	0.382779136582266	0.214908961877166	0.453818321323377	0.189022012252098
chr2	74884000	74885000	0.445688995049784	0.459957180795352	0.345051340603934	0.234776750768207	0.467448704493656	0.188523619336622
chr2	74885000	74886000	0.449116002767833	0.450840813258995	0.352511818596025	0.218570308393288	0.463984739451339	0.156851533741253
chr2	74886000	74887000	0.499171508488868	0.45809534813154	0.252204355688441	0.194823970368006	0.434610474523042	0.193584914008525
chr2	74887000	74888000	0.607608651728245	0.506480060966561	0.360297073601307	0.195722977913147	0.350471903194169	0.222778643636645
chr2	74888000	74889000	0.686251038534964	0.521081256564692	0.611868152501421	0.252172502158273	0.401571429578453	0.206925337471288
chr2	74889000	74890000	0.650446286021031	0.650599388086352	0.583511086976394	0.335811998436867	0.393768394803584	0.192001842213591
chr2	74890000	74891000	0.657007106593842	0.652152166572253	0.572243125688392	0.383990903812034	0.393443621484846	0.184328102181173
chr2	74891000	74892000	0.671310709882154	0.645979650167697	0.56269806720772	0.48678595121711	0.45047686579818	0.232889630894507
chr2	74892000	74893000	0.627051217112218	0.660079743558366	0.468851895149681	0.495063993892459	0.479297478356977	0.203695901266387
chr2	74893000	74894000	0.547885293705585	0.567809999125322	0.222246115335316	0.436013965712384	0.497861628930688	0.284316363268688
chr2	74894000	74895000	0.578937798705979	0.401904851865361	0.342514393587425	0.402057789691783	0.42854238556508	0.234472702689441
chr2	74895000	74896000	0.659895845388106	0.35500153011792	0.324701874856813	0.369267289232412	0.393971803923471	0.276688363278553
chr2	74896000	74897000	0.608331597071161	0.38864664988675	0.378321866234228	0.328158045311152	0.362520603590307	0.261957503632995
chr2	74897000	74898000	0.539467033233066	0.30108368649282	0.349192521020376	0.305793119354029	0.296327026712521	0.239598643997302
chr2	74898000	74899000	0.503565616327549	0.304759749530536	0.374182888627824	0.353593661937408	0.202525193497113	0.170589817961213
chr2	74899000	74900000	0.390575804073451	0.317027249511638	0.311761911789819	0.361667994635785	0.279355691788886	0.170589817961213
chr2	74900000	74901000	0.259595755163834	0.336516121089312	0.343307007428538	0.414393581317402	0.33431639270088	0.121354545297611
chr2	74901000	74902000	0.163688589513981	0.242253349141386	0.251375460549169	0.365353001888943	0.30129490165061	0.0507904959625617
chr2	74902000	74903000	0.146815363225689	0.203226772142641	0.292834543630108	0.384122982189296	0.300642721357283	0.0162860829445171
chr2	74903000	74904000	0.260610993295225	0.168415249740566	0.35763253626286	0.390020156971464	0.288612322650746	0.0499513209652507
chr2	74904000	74905000	0.450636775869104	0.205255641575708	0.332351379231544	0.355715482421971	0.323012026818243	0.124791830796851
chr2	74905000	74906000	0.5411246311193	0.243796469480166	0.378992867411241	0.277870618465158	0.318536712174016	0.20560927246138
chr2	74906000	74907000	0.58442880271072	0.279190181237967	0.475996978646875	0.317531608771675	0.372494050198669	0.244991019876859
chr2	74907000	74908000	0.579023847588153	0.360142426018648	0.469203512026098	0.369865320728572	0.42641248917661	0.255884726941819
chr2	74908000	74909000	0.597631575382906	0.508559605421845	0.474271986215012	0.329651327460073	0.393949824173364	0.294688967588846
chr2	74909000	74910000	0.499994976944163	0.48487596066697	0.464438699554415	0.317491374173767	0.413013987412207	0.244819441452443
chr2	74910000	74911000	0.430431011021178	0.475786671003576	0.46178810051738	0.375080792875442	0.361004654776202	0.164001999787914
chr2	74911000	74912000	0.444282182982295	0.505381549397022	0.408228022123895	0.353259107708916	0.275714991813819	0.124620252372436
chr2	74912000	74913000	0.52969907789587	0.62213210673395	0.370410192225528	0.261803755364269	0.266490720351845	0.113726545307475
chr2	74913000	74914000	0.536142154302347	0.595515392877393	0.339894089238185	0.301855822416266	0.330470922522534	0.0534026200220662
chr2	74914000	74915000	0.525798050413977	0.632186598428534	0.381473164245746	0.264517804250119	0.393482184095354	0.0284316363268688
chr2	74915000	74916000	0.550386924689568	0.640406223618458	0.38157266641562	0.241514941938271	0.472981034608029	0.113726545307475
chr2	74916000	74917000	0.566687932325129	0.605372607883224	0.456171442084902	0.167697679120148	0.485809112774079	0.142158181634344
chr2	74917000	74918000	0.598154084138629	0.446655898737083	0.583868402644461	0.226819565519327	0.473739687602896	0.217335070569801
chr2	74918000	74919000	0.706212390579178	0.428846740479603	0.594407256026185	0.388882907666906	0.449222494810708	0.22745309061495
chr2	74919000	74920000	0.691483433984952	0.488968435427497	0.547230902418878	0.444663207367894	0.288492551591219	0.255884726941819
chr2	74920000	74921000	0.720728797387173	0.527674020463745	0.47144548295598	0.393340258429895	0.3034248887431	0.205917638418429
chr2	74921000	74922000	0.808008327932992	0.591359996664998	0.448739257680717	0.489775868724431	0.384581838361083	0.207592756416035
chr2	74922000	74923000	0.82052001693681	0.711552029461378	0.345067728514886	0.501627382081797	0.413676011879409	0.172720047821956
chr2	74923000	74924000	0.723061942338249	0.700506505548552	0.334000936204344	0.369200439998547	0.381983716838363	0.216156592252936
chr2	74924000	74925000	0.817259784110565	0.605526365860152	0.378618145348707	0.402474429888354	0.416983948329909	0.262184919082432
chr2	74925000	74926000	0.957146757421076	0.584278847111349	0.403643675743882	0.399026820107831	0.419147576955512	0.284520534650365
chr2	74926000	74927000	0.930201329414005	0.552245338333359	0.407967622452949	0.444602741006418	0.426252542965898	0.275745061140735
chr2	74927000	74928000	0.897395622760774	0.426198443758976	0.472945731407412	0.443723394838448	0.393583430304326	0.289399218208892
chr2	74928000	74929000	0.845285919643927	0.363569763483109	0.509065103730281	0.400527152985373	0.393251158343181	0.270278109575658
chr2	74929000	74930000	0.820438073591887	0.389114743718774	0.617681418413039	0.476136027258887	0.40805513182589	0.246661656300313
chr2	74930000	74931000	0.688766171249189	0.324814117789291	0.643592629424801	0.635667195212103	0.384645684217979	0.292756281028493
chr2	74931000	74932000	0.661440802892384	0.34365041230398	0.584851059342746	0.593425949935594	0.341356821286579	0.328452116411481
chr2	74932000	74933000	0.659251046416695	0.38015151732397	0.533411819179302	0.538345984585935	0.333320748044122	0.344084571166627
chr2	74933000	74934000	0.65487248813967	0.394749503205888	0.424318972170161	0.518366290550651	0.34472498537387	0.338082751650601
chr2	74934000	74935000	0.609827582883202	0.422593108980168	0.35121931791444	0.375651344124536	0.381315548557523	0.31567087809645
chr2	74935000	74936000	0.607592725487165	0.415375154639642	0.433909082321332	0.311230226839131	0.358707757490433	0.232221129005171
chr2	74936000	74937000	0.666097238906727	0.5256892096368	0.42515894634507	0.283330374831152	0.349452827355963	0.199885890110193
chr2	74937000	74938000	0.711884337628012	0.55719853125176	0.583155799523097	0.335395358240295	0.359566732005497	0.208324772596874
chr2	74938000	74939000	0.678863156839515	0.531478211956134	0.605414721388372	0.35961763440302	0.35117252378352	0.190175811525402
chr2	74939000	74940000	0.662552700489569	0.443751632033206	0.494600895684692	0.377753039541811	0.275067595611421	0.183775664022143
chr2	74940000	74941000	0.64505123998124	0.450568980570562	0.356270412053921	0.317800847644083	0.248866039337978	0.188168159858855
chr2	74941000	74942000	0.553321734724237	0.363072611092005	0.400081810220313	0.37147374338965	0.260008893412194	0.182452901650046
chr2	74942000	74943000	0.471768255347379	0.297363759593357	0.298339664597886	0.370448554825979	0.221271835080306	0.105706364980181
chr2	74943000	74944000	0.575780807961442	0.325264271099105	0.310981188446984	0.427892648401668	0.210823363596225	0.115180802555341
chr2	74944000	74945000	0.712928172359632	0.427000256994304	0.429282451164167	0.383949023625931	0.229199742631725	0.138106481180688
chr2	74945000	74946000	0.753903337124151	0.38812058760911	0.506256178414093	0.441859793505267	0.221336610207671	0.198134875400342
chr2	74946000	74947000	0.770931120103911	0.324479299270773	0.49213570563481	0.545499424593919	0.16991236761181	0.246503244248105
chr2	74947000	74948000	0.858310678160972	0.372913865502201	0.439557552180862	0.565703905123687	0.246494297521148	0.281780934617002
chr2	74948000	74949000	0.72630263869187	0.359471753177598	0.409340867712129	0.466718179987939	0.226741707869138	0.291707748783502
chr2	74949000	74950000	0.802057557444963	0.334537171558008	0.455004864772752	0.580251657555388	0.320873333988528	0.269568072265417
chr2	74950000	74951000	0.848397179181909	0.404145212843724	0.391024893736312	0.514092540729036	0.354997624986944	0.206276276442934
chr2	74951000	74952000	0.863726337012501	0.436620725408447	0.439442583912094	0.374675809958693	0.391788977349683	0.179971300654927
chr2	74952000	74953000	0.789895803436766	0.530244761248622	0.498150690587956	0.380863013185945	0.331772561803996	0.194986647500902
chr2	74953000	74954000	0.822499398002407	0.640682821894626	0.547373795315555	0.494425562226332	0.354096859216665	0.247515737216572
chr2	74954000	74955000	0.715762661818171	0.616901782508931	0.422079540619187	0.472114402175489	0.254041288794596	0.322948841234564
chr2	74955000	74956000	0.57892967057546	0.587363775054534	0.386836509937296	0.514779224996221	0.175591100409082	0.32535637542249
chr2	74956000	74957000	0.738600612913926	0.716981245948484	0.340278026049912	0.460458909575804	0.227912081548925	0.361656863598299
chr2	74957000	74958000	1.02191384183318	0.672309788120201	0.432389169297143	0.447617348178937	0.29078574835259	0.420773199131367
chr2	74969000	74970000	1.01807440600805	1.14187325754248	0.556998053101159	0.511010236561384	0.663215767442978	0.342241006956177
chr2	74970000	74971000	0.864938468610694	0.930926194414543	0.54489974720276	0.419556503334146	0.555658687786242	0.383082399390876
chr2	74971000	74972000	0.570364028951994	0.879848752765232	0.55284170251355	0.262813345310637	0.286949920232755	0.378063627780188
chr2	74972000	74973000	0.488448965937036	0.642293965658527	0.408460801220859	0.173320835542488	0.25043856038048	0.371161137229333
chr2	74973000	74974000	0.70554981858457	0.699856398983042	0.386937152349632	0.253355929472147	0.205335927259349	0.328075503397005
chr2	74974000	74975000	0.800299693104455	0.732356402295493	0.486195948924666	0.270914292745031	0.196648149178418	0.287895318868375
chr2	74975000	74976000	0.816566961033652	0.797244643033226	0.517980154791925	0.30944283177135	0.232040700004808	0.25558071006637
chr2	74976000	74977000	0.804264356212699	0.787894636959368	0.550442499725108	0.34215024514431	0.345397172894309	0.272192160557914
chr2	74977000	74978000	0.845781455577001	0.816273426876799	0.565530306879756	0.374163876065318	0.393083630700723	0.375216135080605
chr2	74978000	74979000	0.611845527126918	0.687950234629549	0.608843362555116	0.380475283021764	0.411253600965823	0.396642015408251
chr2	74979000	74980000	0.501209857332234	0.612108042469806	0.494417762398154	0.426240280054408	0.406824645712692	0.379501058801583
chr2	74980000	74981000	0.536413799645437	0.613132758069694	0.466279284342045	0.448942224624305	0.427586627727383	0.380570623554925
chr2	74981000	74982000	0.561510980499492	0.646564763348268	0.416939177437464	0.47931295663275	0.373736291116684	0.402898037730342
chr2	74982000	74983000	0.513471555235533	0.596263056114773	0.359353376131558	0.464585016527643	0.324344645082222	0.277671192303624
chr2	74983000	74984000	0.632702345769503	0.687226687637361	0.243815296301792	0.522650399676106	0.286123207876811	0.245723171831217
chr2	74984000	74985000	0.692417412396083	0.663404396025191	0.171448581576681	0.428406713467866	0.283410215472054	0.188764807912221
chr2	74985000	74986000	0.679946667518555	0.658298807594692	0.236462729938285	0.396373207640068	0.299217290949134	0.165417780607363
chr2	74986000	74987000	0.664848227581205	0.620425790559726	0.327714055564417	0.362854602791175	0.27490069587267	0.140421898499879
chr2	74987000	74988000	0.756728273295333	0.623785160720583	0.406522940149859	0.374029192556047	0.33052144969251	0.168452273758789
chr2	74988000	74989000	0.664069832177508	0.394274247573727	0.376578704723382	0.206795505036276	0.285802000403847	0.0994992349709095
chr2	74989000	74990000	0.557428714143594	0.328220490757762	0.303228375837777	0.190536990084961	0.204212059558164	0.123714446566344
chr2	74990000	74991000	0.45792165103683	0.298696825964746	0.223250509120798	0.16860712767358	0.130575223231543	0.134222857920316
chr2	74991000	74992000	0.459406951632275	0.286794617878821	0.165138929803181	0.179995577196156	0.130380797260418	0.11546282844194
chr2	74992000	74993000	0.429904075875698	0.326794905924582	0.111123057667658	0.247923249365129	0.241166495598104	0.0904075140483346
chr2	74993000	74994000	0.422555367617522	0.378129324071704	0.111123057667658	0.334522074964161	0.331187583913932	0.113541473630815
chr2	74994000	74995000	0.439521169905785	0.287745971059335	0.14165790822884	0.396583288621854	0.405168220297306	0.132170280375475
chr2	74995000	74996000	0.432780741444331	0.254325611164536	0.24458379525438	0.404883549607217	0.397682101892454	0.10270744480359
chr2	74996000	74997000	0.41679128524803	0.252359999611254	0.28500841830601	0.358685211916501	0.39682890903302	0.142158181634344
chr2	74997000	74998000	0.341784564528343	0.14638009334652	0.292839406621089	0.244191836089029	0.229036153947546	0.165477212893485
chr2	74998000	74999000	0.391543783531215	0.165387399228971	0.356147271030637	0.202110498220311	0.156023748357	0.205742534315746
chr2	74999000	75000000	0.51081312147152	0.252503712595088	0.379881386776169	0.176120763003062	0.138420905942891	0.20616174564352
chr2	75000000	75001000	0.633568046452594	0.276057766604958	0.363233134313056	0.169542467634734	0.180249378394339	0.222352882503923
chr2	75001000	75002000	0.675613153587868	0.252359999611254	0.40745121144808	0.167697679120148	0.173080729894104	0.202684425839396
chr2	75002000	75003000	0.789273751005224	0.42005518070008	0.559104035497625	0.253023648496306	0.319296404507073	0.249402903116005
chr2	75003000	75004000	0.729941222021547	0.434378275192935	0.495796171088077	0.234776750768207	0.370217028665253	0.220917082263946
chr2	75004000	75005000	0.691321734443562	0.525044415978138	0.583185113010203	0.203695278179746	0.395334055014183	0.229536803411359
chr2	75005000	75006000	0.782963430244136	0.514976376473801	0.522727111968946	0.281550143548494	0.468342022721011	0.232553298725978
chr2	75006000	75007000	0.912464274614782	0.602740170011685	0.493774726331408	0.327910276646139	0.506048341331122	0.327877448636361
chr2	75007000	75008000	0.815532699268619	0.563486924362683	0.425000203902395	0.346806234904469	0.427496038888958	0.34437087069792
chr2	75008000	75009000	0.867530659863488	0.567809999125322	0.571082966694962	0.382940414518315	0.371116635484963	0.369611272249294
chr2	75009000	75010000	0.818319059921137	0.433473448052161	0.491170982561673	0.37114376526398	0.38079051178811	0.309072233235163
chr2	75010000	75011000	0.628054140125963	0.535839375265561	0.574662213347853	0.448722514017088	0.268766742417173	0.363841104946183
chr2	75011000	75012000	0.454040484699983	0.438244828384739	0.58415291563132	0.5105781189546	0.248842374748028	0.26552394267657
chr2	75012000	75013000	0.378910368763024	0.372892892847729	0.548370940329348	0.406356191320111	0.193612855695267	0.230743679665271
chr2	75013000	75014000	0.509155659956726	0.509767199214734	0.540147609981621	0.391152072300286	0.238487270161279	0.199021454288082
chr2	75014000	75015000	0.636183988655112	0.639902609712564	0.471895517224699	0.479125331748025	0.233675941725592	0.193473216496628
chr2	75015000	75016000	0.788204278015654	0.644010302774391	0.436174773807508	0.42748497858816	0.361706384946414	0.190713821079831
chr2	75016000	75017000	0.95271373013466	0.741663269534203	0.440754146161935	0.377508910741144	0.358483038807545	0.291584601126685
chr2	75017000	75018000	0.939419179262105	0.725534998882356	0.360105547780156	0.402474429888354	0.398167725213187	0.255884726941819
chr2	75018000	75019000	0.776418305237873	0.585737082116575	0.333369173002975	0.399791267022432	0.418892633448726	0.22745309061495
chr2	75019000	75020000	0.736609667802676	0.574934105379704	0.581712370063272	0.394930781218679	0.373022451706326	0.353995411387946
chr2	75020000	75021000	0.634686185338552	0.535958737038465	0.648038025621748	0.290458892767324	0.221003301299868	0.326825800106919
chr2	75021000	75022000	0.563246180966782	0.516113042719321	0.63305167639825	0.240833453749578	0.19756965044029	0.261019025085052
chr2	75022000	75023000	0.599714510912963	0.538825526502936	0.735318432948644	0.252907731205382	0.191269409180056	0.271254451935748
chr2	75023000	75024000	0.575549468773299	0.702267274038866	0.698438567108041	0.28734802319936	0.204193416567526	0.357312936535812
chr2	75024000	75025000	0.558746736179223	0.690575773249105	0.455436168168205	0.217925241563222	0.297101750138511	0.270031252592477
chr2	75025000	75026000	0.708669267816063	0.68361385248835	0.391042884805677	0.272141323691015	0.390380096794591	0.287558866811368
chr2	75026000	75027000	0.674272559211553	0.665639836251882	0.365109328462967	0.319883383390438	0.396786462961509	0.24348219094059
chr2	75027000	75028000	0.740947605159883	0.698442346898755	0.3841468575994	0.337762289360874	0.440094063815717	0.257891186577519
chr2	75028000	75029000	0.789047399010157	0.517421791140687	0.375750990345989	0.249284549985113	0.491080054002426	0.250935122534288
chr2	75029000	75030000	0.747865356441223	0.462030729520827	0.370410192225528	0.22711899008239	0.461860644186937	0.277824840307856
chr2	75030000	75031000	0.580346265973831	0.485750613600222	0.30125036620519	0.289968988633179	0.403153484241111	0.272257444057676
chr2	75031000	75032000	0.484372333531909	0.484025708603016	0.227134616637614	0.269197541783903	0.396012981694405	0.291090921092412
chr2	75032000	75033000	0.456881640311441	0.476995278269237	0.133849256232597	0.214278839210453	0.390575371185028	0.3098026984571
chr2	75033000	75034000	0.46089940451338	0.52385664911575	0.125167045998484	0.301855822416266	0.30582230227132	0.283912434390556
chr2	75034000	75035000	0.543422333186398	0.538709185184136	0.222246115335316	0.344786428271024	0.292401188033102	0.249795452476288
chr2	75035000	75036000	0.654252189645094	0.540956174964488	0.2858173172139	0.297326364787898	0.341334558997747	0.282459108156501
chr2	75036000	75037000	0.727150291943197	0.531609414226212	0.299687397482082	0.349659298763158	0.413155229004437	0.308391764861704
chr2	75037000	75038000	0.766544151413337	0.484507948390271	0.328436317752077	0.478163267437601	0.393050801051412	0.265658861043867
chr2	75038000	75039000	0.79671751482898	0.439001249323745	0.317781808871209	0.466758540217744	0.481612524730354	0.216673323287228
chr2	75039000	75040000	0.680996321344235	0.414497249994999	0.238651299691073	0.484407905652397	0.549311781723817	0.241503223252004
chr2	75040000	75041000	0.536204102636825	0.389367544688873	0.19096621957365	0.443323403359858	0.643074285475661	0.152831852414863
chr2	75041000	75042000	0.473467573764131	0.382750850478	0.215944884479066	0.431932697300761	0.58217808162537	0.0915084892009505
chr2	75042000	75043000	0.463758340581754	0.469346649451912	0.258668858674794	0.35681454872906	0.661675462935675	0.140432928029035
chr2	75043000	75044000	0.3390455521496	0.427057970374275	0.223789491136256	0.316864791912332	0.531282895687609	0.155086686176357
chr2	75044000	75045000	0.297326080220395	0.355960822200469	0.20584093097956	0.281123018642711	0.363112172255345	0.112065495473384
chr2	75045000	75046000	0.342126702082212	0.300349229741986	0.25452772900284	0.355206154863751	0.209808278313054	0.207538690170484
chr2	75046000	75047000	0.442455558713449	0.477299235971438	0.335614083258887	0.348249943058691	0.306188644478739	0.33254773261221
chr2	75047000	75048000	0.427855304604703	0.467747715854949	0.334059818490478	0.340816136403423	0.302385137745231	0.271853573138985
chr2	75048000	75049000	0.536527152346808	0.594559325846102	0.404046706004831	0.390260421710957	0.359566732005497	0.297206293185265
chr2	75060000	75061000	0.479897094621576	0.487015075916449	0.223070163688885	0.400763499492985	0.237936199425351	0.284948879424997
chr2	75061000	75062000	0.611738437256457	0.528160727010348	0.223904668434834	0.541137883966805	0.267006961398078	0.300351352871117
chr2	75062000	75063000	0.651736037818639	0.614536285136928	0.309085178000486	0.581963690754477	0.300661805206598	0.324485442007379
chr2	75063000	75064000	0.688318596006251	0.683512119650512	0.340120206390149	0.583944649113921	0.388501326035837	0.310617072987089
chr2	75064000	75065000	0.845317537952265	0.771956785870716	0.477514618319314	0.653357610604012	0.454872779326478	0.319697248537991
chr2	75065000	75066000	0.844836850052647	0.751700179324401	0.555243009080694	0.559406332077332	0.438104574703753	0.30024223048566
chr2	75066000	75067000	0.766759042429175	0.544462065399336	0.499451239296053	0.364429583281993	0.326953905566422	0.254959772078015
chr2	75067000	75068000	0.835898918562384	0.492203379958724	0.454269739721193	0.297419814587871	0.233272208089142	0.229325346723561
chr2	75068000	75069000	0.888006908294821	0.488327686047262	0.447714987517142	0.313528262427293	0.181563001455086	0.283027669242368
chr2	75069000	75070000	0.67553572700256	0.364750502339477	0.333031872956156	0.25365490342738	0.153863103890464	0.306533734789104
chr2	75070000	75071000	0.71396533055538	0.441951423874362	0.249600360482869	0.223183502854756	0.14683271692829	0.307705068875025
chr2	75071000	75072000	0.742775843482625	0.536789786143558	0.282635927977344	0.286600229067929	0.208691036582019	0.304660715458708
chr2	75072000	75073000	0.634190588982769	0.485691618534886	0.301227274987855	0.33983136606869	0.264589420841546	0.288076789828608
chr2	75073000	75074000	0.578771950116563	0.488088907667295	0.297855171963528	0.292912279973067	0.303883372477759	0.26446500630304
chr2	75074000	75075000	0.700699224322998	0.52156621398529	0.264281429284506	0.32205040208496	0.346678686446975	0.242636652268384
chr2	75075000	75076000	0.583596768420108	0.465509959286046	0.210812231588162	0.391844326828973	0.32336993261736	0.219084996988434
chr2	75076000	75077000	0.562443395990401	0.483129827843696	0.205858182964686	0.369840405451879	0.320820446514714	0.177055940275877
chr2	75077000	75078000	0.531390518039124	0.547735908247154	0.185205096112764	0.301855822416266	0.363757486457775	0.142158181634344
chr2	75078000	75079000	0.497557082533047	0.567777036742928	0.169219786876699	0.325512234831334	0.355202567024158	0.115657638683908
chr2	75079000	75080000	0.433254244593483	0.608582880214741	0.26372932321002	0.366623941430953	0.434406808880321	0.0902023375729123
chr2	75080000	75081000	0.445415717776968	0.562993085045209	0.303169578505453	0.370008120437151	0.533621654055239	0.0999656168910054
chr2	75081000	75082000	0.388099808833218	0.444682757009671	0.268216363786196	0.380433856287361	0.623936356590142	0.112518090904092
chr2	75082000	75083000	0.533736803796	0.446051990985333	0.255611308222807	0.459568448886512	0.571158244205959	0.164946897774201
chr2	75083000	75084000	0.585255986053484	0.375014205948082	0.333369173002975	0.427639099538881	0.587778095963769	0.165451203510343
chr2	75084000	75085000	0.588794122027118	0.46469635560451	0.306032284027336	0.363860335986924	0.479830388999671	0.173072689723741
chr2	75085000	75086000	0.546827677852104	0.483487983961013	0.289486729055391	0.323005947016272	0.4492369622317	0.136906897954188
chr2	75086000	75087000	0.700484088625902	0.574918339474011	0.334943559445974	0.304706942154012	0.395455005875264	0.143366636037727
chr2	75087000	75088000	0.572599064761007	0.468059038017403	0.37408601856059	0.244761803418109	0.3927152798181	0.119369465494487
chr2	75088000	75089000	0.542466745415987	0.637824525087666	0.320649426779381	0.231634266904024	0.315470234595177	0.158162601666478
chr2	75089000	75090000	0.59988658101134	0.56686774483501	0.282181834881357	0.197281221432193	0.260327981850134	0.148015955952945
chr2	75090000	75091000	0.68318622814598	0.642807637278271	0.294274394298775	0.188817624450923	0.187526988621737	0.207973197210799
chr2	75091000	75092000	0.576499848363208	0.685730387973524	0.375929304089688	0.221830489940131	0.11912722421136	0.251392528402174
chr2	75092000	75093000	0.615012562128604	0.714758059397178	0.558814285452966	0.258101973409464	0.0829769381551146	0.360952546640657
chr2	75093000	75094000	0.651589324513712	0.505672301107834	0.679458092229543	0.301012534532287	0.0924749273024296	0.332274632846463
chr2	75094000	75095000	0.616023312465924	0.456521801327212	0.690258993201264	0.381379061668636	0.165953876310229	0.312747999595557
chr2	75095000	75096000	0.49945834875339	0.325029022760674	0.709403343430395	0.381354484557579	0.184904384958196	0.24967338270121
chr2	75096000	75097000	0.4212912522174	0.256924353874296	0.606874381121839	0.386287809234244	0.227518524723754	0.233813060884098
chr2	75097000	75098000	0.429718048229264	0.220814999659847	0.367211195110852	0.419064748579341	0.254188901692187	0.150816907242981
chr2	75098000	75099000	0.416953965065866	0.283904999562661	0.225759887909788	0.414835067810019	0.331907752620459	0.142158181634344
chr2	75099000	75100000	0.473634845652892	0.315449999514068	0.383930564252766	0.282421886911798	0.277614200494272	0.171116329745044
chr2	75100000	75101000	0.550708405266821	0.487144905839504	0.329798954282729	0.359022399670988	0.362702162866958	0.196281055605974
chr2	75101000	75102000	0.661174540978738	0.517192013457813	0.330710326358709	0.297449168074423	0.349079603424198	0.144660026143602
chr2	75102000	75103000	0.698111401515932	0.609507412854193	0.444492230670633	0.194861209435963	0.344930025332003	0.113726545307475
chr2	75103000	75104000	0.69748666018032	0.637110420893569	0.411229889533049	0.241379846883563	0.337353114186888	0.113726545307475
chr2	75104000	75105000	0.589099986571948	0.59420479500303	0.237742868275364	0.266452979046457	0.370113939185959	0.0847683971967755
chr2	75105000	75106000	0.659095724135702	0.528389391898598	0.281381777602901	0.204088754427192	0.339447717311117	0.0738224943223962
chr2	75106000	75107000	0.659272823788065	0.474862967112733	0.280329591225284	0.234776750768207	0.356122146307446	0.0955555137161281
chr2	75107000	75108000	0.617410565340262	0.40197361377474	0.211496863760802	0.282389570362089	0.351102563341492	0.0852949089806064
chr2	75108000	75109000	0.567327837018385	0.340360205403386	0.251662477448003	0.261111584453131	0.271020400986262	0.0568632726537376
chr2	75109000	75110000	0.506209417932062	0.345030799294814	0.332215963676767	0.281303936634733	0.265018180026029	0.0852949089806064
chr2	75110000	75111000	0.447137791350632	0.335121602354578	0.36736774806291	0.275698193998482	0.182937460143147	0.1111191783397
chr2	75111000	75112000	0.470995757153747	0.312658631193025	0.385113111146776	0.301855822416266	0.14338118006322	0.0990963243331929
chr2	75112000	75113000	0.360779542569291	0.343251790591112	0.40452095790377	0.264819579218378	0.145923032253055	0.103226544961018
chr2	75113000	75114000	0.330325165881208	0.329476200897692	0.393737170015103	0.195479592145846	0.155589403544089	0.131376679938116
chr2	75114000	75115000	0.479240318552093	0.323662182671783	0.319025629389135	0.25532863654974	0.111598461346797	0.142158181634344
chr2	75115000	75116000	0.587395473280813	0.26383493356487	0.240234935675456	0.213437689155891	0.138294896925191	0.104681929387607
chr2	75116000	75117000	0.649127688088366	0.471226611356253	0.282965223708261	0.252642031156886	0.253115013138318	0.179090734350402
chr2	75117000	75118000	0.735347577520795	0.584402987246247	0.339226351081011	0.291279246020272	0.385758310768465	0.231948894470019
chr2	75118000	75119000	0.736448178203296	0.64295093745541	0.347415420886378	0.335489799049687	0.480691153609481	0.266666228638048
chr2	75119000	75120000	0.738538338465782	0.770164215696881	0.477798021064021	0.414170990700936	0.509334004427401	0.284316363268688
chr2	75120000	75121000	0.69422681743938	0.929177861490005	0.518574269115738	0.457032074828776	0.589989165758755	0.302684407171844
chr2	75121000	75122000	0.607964283246157	0.818724805033548	0.426501420212424	0.4570295245573	0.503816755574416	0.275815446879499
chr2	75122000	75123000	0.577434306328215	0.772178547521472	0.341191500043762	0.469553501536413	0.343589806025319	0.20502565077947
chr2	75123000	75124000	0.633753193158879	0.742679679811619	0.313079473235361	0.49098610865211	0.329265601022613	0.155016019586277
chr2	75124000	75125000	0.638615427509984	0.715095630218762	0.198985347103977	0.357238333251743	0.342912646355269	0.137821152364144
chr2	75125000	75126000	0.929602754484465	0.638849587106687	0.337868082220289	0.509882417081906	0.322757153947506	0.206079964718379
