chr	start	end	Del(d1-d4)_96h_CHiC_CBS1	Del(d1-d4)_96h_CHiC_CBS2	Del(d1-d4)_96h_CHiC_CBS4	Del(d1-d4)_96h_CHiC_CBS5
chr2	75090000	75091000	3.49549036123538	2.3456281812921	1.01094075902379	1.22564931960521
chr2	75091000	75092000	3.51776341973444	2.56169022812647	1.17688341640864	1.31225736335704
chr2	75092000	75093000	1.77363955782983	1.51959278224992	0.719281084600947	0.737726944458441
chr2	75093000	75094000	1.70528156674211	1.71088095428077	0.839161265367771	0.579908474944626
chr2	75094000	75095000	1.6261852674368	2.22462896636961	0.839161265367771	0.766179850369365
chr2	75095000	75096000	1.67481783492463	2.16290135450095	0.72592790650485	0.997689543986406
chr2	75096000	75097000	1.96393771201148	2.48665661615433	1.08679696724377	1.44006761212325
chr2	75097000	75098000	2.01041784046264	2.82614999394374	1.46135189106642	1.68623301590501
chr2	75098000	75099000	1.92519856050061	2.68968668057821	1.47267826807625	1.41947671160746
chr2	75099000	75100000	2.54954906469108	2.91620448220986	1.92252289896426	1.76316967348815
chr2	75100000	75101000	2.80835445358612	3.21371468762922	2.32674326557148	1.68802198074067
chr2	75101000	75102000	3.8480608547156	3.51158982326453	2.62948863652779	1.93239841968676
chr2	75102000	75103000	4.3622534621102	3.63826206116895	2.81368558972752	2.21318083337532
chr2	75103000	75104000	4.70309581097391	4.29457000516999	3.58589073471885	3.02630505448366
chr2	75104000	75105000	4.45573015446158	3.72300062333498	3.23232487400919	3.05629734132782
chr2	75105000	75106000	3.99354971369316	3.47868517841216	3.0426269361426	2.83357121928774
chr2	75106000	75107000	2.75630746751734	2.69768863058266	2.75724415763696	2.42395996036345
chr2	75107000	75108000	2.02669666729216	2.14249929007961	2.19849228061458	1.89701214289313
chr2	75108000	75109000	1.10302966117376	0.770768180166474	0.935440035546127	1.05389563494063
chr2	75109000	75110000	0.436731571198617	0.770768180166474	1.19880180766824	0.421558253976252
