chr	start	end	wt_120h_CHiC_d1-d4	wt_144h_CHiC_merge_d1-d4	wt_168h_CHiC_d1-d4	wt_48h_CHiC_merge_d1-d4	wt_72h_CHiC_d1-d4	wt_96h_CHiC_merge_d1-d4
chr2	74780000	74781000	0.990846544813046	0.97288633744747	0.92748683697398	0.861514656139651	0.849847252844948	1.25610336424702
chr2	74781000	74782000	1.07492453449126	1.01092893346702	0.957473233559442	0.890521636023131	0.868742568561201	1.29431779796051
chr2	74782000	74783000	1.06855143151316	0.945350776633813	0.927317840365776	0.904376660293514	0.870739321923883	1.21972229984908
chr2	74783000	74784000	1.07645705971919	0.903873992723623	0.852559506833174	0.863156683480847	0.816038284733615	1.11946427640742
chr2	74784000	74785000	1.03965689023536	0.834478169859038	0.847534948033195	0.812555193395688	0.763271600076338	1.02082132258557
chr2	74785000	74786000	1.14661688354834	0.979662134760942	0.95179091181599	0.92969849148592	0.91059499075041	1.15112953071179
chr2	74786000	74787000	1.19672011751641	1.04242344734595	0.983695050680773	0.981031672497676	1.02226729619663	1.2200451043932
chr2	74787000	74788000	1.31390437683494	1.14510493290509	1.06185807819411	1.0072074310487	1.08403062600244	1.36429383570589
chr2	74788000	74789000	1.33002109691532	1.19086226566614	1.10173047508309	1.01791793095267	1.13269117756254	1.4390816104376
chr2	74789000	74790000	1.21854863695182	1.11946656434895	1.01157325905015	0.942614368839254	1.06643029654991	1.34419274440435
chr2	74790000	74791000	1.1129980125903	0.979148585272982	0.868394478238264	0.814803751141228	0.918830862936211	1.19335872304438
chr2	74791000	74792000	1.02918837004678	0.900503852156254	0.819831416188148	0.767717030518759	0.785895736957531	1.15197086554803
chr2	74792000	74793000	0.97611935887329	0.850996851609398	0.68364583775322	0.728030748057715	0.768069601664685	1.08807511003943
chr2	74793000	74794000	0.85742250257705	0.6966900402465	0.582536565552246	0.613922478144802	0.662286526237631	0.924297365969562
chr2	74794000	74795000	0.811697032912605	0.631146312409358	0.528180688359762	0.555757579036431	0.592339541765684	0.86429768994128
chr2	74795000	74796000	0.898752604284451	0.722499436589895	0.604663411802878	0.629842891585195	0.67273899205314	0.949359927670988
chr2	74796000	74797000	0.845064073136623	0.688946324187554	0.562945023648629	0.584875799521825	0.663374395567888	0.841171464621824
chr2	74797000	74798000	0.658726500028479	0.550602854346968	0.499057340915925	0.455208542443398	0.528768287517713	0.649122617155374
chr2	74798000	74799000	0.675374637782581	0.613511515547819	0.530625113059609	0.492210842499403	0.538267118897848	0.704375778674617
chr2	74799000	74800000	0.788892938963611	0.695600387147216	0.648008172627738	0.555425840014851	0.562069352667244	0.797958870560077
chr2	74800000	74801000	0.713322688855803	0.646312020919502	0.616196848854612	0.504845558741569	0.499510824621922	0.747219824960699
chr2	74801000	74802000	0.685878800580808	0.644622702796534	0.590953953176988	0.49774134936477	0.509098583634537	0.74583476211845
chr2	74802000	74803000	0.691848940124183	0.666966405265202	0.602010782677906	0.528615988003792	0.539400052394331	0.776631823486212
chr2	74803000	74804000	0.73639113930566	0.652016979967522	0.594670138956993	0.544879150832491	0.564353222125035	0.777321979449072
chr2	74804000	74805000	0.637424378714445	0.598421713450817	0.478624489113017	0.522592239875149	0.567269476862904	0.750015177188916
chr2	74805000	74806000	0.553784577067709	0.512215735682726	0.404931376589516	0.455037925041146	0.491729637652056	0.652479852115804
chr2	74806000	74807000	0.662800785103044	0.593662125205883	0.484142285247991	0.497059750335447	0.535834195352573	0.720444053318043
chr2	74807000	74808000	0.682982247614425	0.632420202350301	0.543238787086055	0.502699554499357	0.548363214227004	0.727166851633609
chr2	74808000	74809000	0.677118469208696	0.662404193798119	0.593975840270539	0.510964602802621	0.564313559525015	0.749312179912992
chr2	74809000	74810000	0.808432610548449	0.802650098103885	0.758769109287402	0.604168954381586	0.677985399060703	0.874508281109265
chr2	74810000	74811000	0.961984743893062	0.935116663388149	0.875243340622429	0.692104317475929	0.767088682222022	1.07029352131922
chr2	74811000	74812000	0.860631501139028	0.838838272452794	0.802546608646324	0.645270558326673	0.700312630359466	1.01513518724456
chr2	74812000	74813000	0.80991864433111	0.786020310601566	0.779772313334879	0.612625516246315	0.677518458228606	0.995885079232568
chr2	74813000	74814000	0.780683950851576	0.747292959840678	0.773833291328407	0.587619434595902	0.682043494374828	0.988218217021519
chr2	74814000	74815000	0.711318624151549	0.645677424123208	0.694338557381267	0.530476165402116	0.667459041540098	0.916383885325405
chr2	74815000	74816000	0.622039399105272	0.566284810492916	0.640344461517292	0.485429452200001	0.6236321643106	0.790920254032842
chr2	74816000	74817000	0.720568700340716	0.637802717346377	0.71470867880096	0.540117801334326	0.693794068195167	0.879371983189794
chr2	74817000	74818000	0.975819271487549	0.874210922554503	0.832847860774025	0.70259918686712	0.866765966607905	1.16133813307034
chr2	74818000	74819000	1.04137483394276	0.924973295481313	0.88033391980127	0.75784368554791	0.907825455347024	1.2377521554614
chr2	74819000	74820000	1.03996461657329	0.918345323028459	0.885390024471989	0.761024998658023	0.858084268499387	1.23203691655615
chr2	74820000	74821000	1.09421488937862	1.00215712997874	0.90794327465829	0.812470089031902	0.866982233267419	1.31134112163811
chr2	74821000	74822000	1.04386940557498	1.02759471130629	0.882221757294069	0.802930313630248	0.829346293430957	1.32935642945501
chr2	74822000	74823000	0.993264594056406	0.928309743548674	0.793792412602271	0.73124569057328	0.773365187432852	1.19295519676861
chr2	74823000	74824000	1.01263198826035	0.977499796461873	0.771946114405119	0.733727394437589	0.777980948050832	1.26160224600433
chr2	74824000	74825000	0.943676486807673	0.976270437786564	0.712084307292819	0.667027698465404	0.684612799561048	1.21208669906654
chr2	74825000	74826000	0.827631573459304	0.863155265363042	0.635585394527854	0.569518119347972	0.637239010656957	1.08101731553424
chr2	74826000	74827000	0.832445057544064	0.803123023603589	0.628275613068025	0.522770542504027	0.642297869790964	0.970948998946571
chr2	74827000	74828000	0.756934037140277	0.753744410102334	0.604892348919306	0.506188640696596	0.62196209540208	0.908505271741124
chr2	74828000	74829000	0.811785641550697	0.808479573618311	0.659854175320605	0.551553919232449	0.64560746009946	0.95218848274647
chr2	74829000	74830000	1.01118390085896	0.931776327421041	0.774149645529413	0.644313401106254	0.798874609100986	1.079593506927
chr2	74830000	74831000	1.17332209994652	1.0408291165437	0.850061275234613	0.728460181460048	0.850775459526273	1.19152974042252
chr2	74831000	74832000	1.18930758340319	1.0776937831153	0.8486797422831	0.771738243578835	0.852326707160157	1.2647476567521
chr2	74832000	74833000	1.11963734826564	0.999427016170692	0.855852019311656	0.708567744531967	0.774109129766591	1.16659055559884
chr2	74833000	74834000	1.01788567961315	0.841823991561704	0.776182311380211	0.598226630578962	0.691965754899488	0.93514652032113
chr2	74834000	74835000	0.933117745425055	0.760409767789761	0.677555834105824	0.577483365902861	0.653465880666579	0.864590260354024
chr2	74835000	74836000	0.93752041248701	0.726623258288651	0.750584864048481	0.58388017092314	0.670914012363036	0.859809466134948
chr2	74836000	74837000	0.982792313523822	0.714935114549297	0.796309025169274	0.581019119484233	0.667552457802788	0.844644329701846
chr2	74837000	74838000	1.12603330602975	0.8111501194801	0.824186465852701	0.657309461685694	0.723119145093244	0.955189078428435
chr2	74838000	74839000	1.12092639112765	0.82180059841007	0.809996994087476	0.665745798608378	0.710075661897099	0.979605644324605
chr2	74839000	74840000	1.06253446474904	0.764203195703821	0.813096719488642	0.609455231598199	0.646699658695751	0.908078515668219
chr2	74840000	74841000	1.00274656780543	0.757803009232401	0.739723731359441	0.583292544118036	0.654553021045258	0.901617712118307
chr2	74841000	74842000	0.933073133163023	0.714522709091915	0.673685957284104	0.543064026844967	0.663135260193349	0.867464763275024
chr2	74842000	74843000	0.744235494119751	0.588453753236089	0.620931973964636	0.456210132437651	0.591801200973078	0.734811843812667
chr2	74843000	74844000	0.793691183380488	0.63674577503191	0.615175297810679	0.481467151258417	0.623031274062983	0.792505466152609
chr2	74844000	74845000	0.88392055011721	0.737752878091146	0.704001045805693	0.536171415683308	0.712899517667537	0.897385020220918
chr2	74845000	74846000	0.895270679069787	0.774079689096051	0.75549347166178	0.527633228197172	0.722389344660355	0.901999025462648
chr2	74846000	74847000	0.923985199939512	0.778234292020529	0.733250413854313	0.532080681611104	0.690716834522597	0.892057135358876
chr2	74847000	74848000	0.980254769768876	0.832292023163043	0.774583250555687	0.552221952701074	0.736133526816247	0.981892029538534
chr2	74848000	74849000	0.919787200450203	0.790297665924151	0.82599098844045	0.521267695192298	0.721865258202499	0.939534916403299
chr2	74849000	74850000	0.790589812956218	0.68804760292997	0.788782705883909	0.457481210574787	0.628194691001615	0.823769341470196
chr2	74850000	74851000	0.759205712899413	0.640422003613864	0.741867686963922	0.464650696708047	0.616503593558372	0.785052572124635
chr2	74851000	74852000	0.784549512686648	0.732633212326419	0.854484329698237	0.513127830007226	0.680313556722574	0.848183411733837
chr2	74852000	74853000	0.764584082295374	0.727140746600907	0.826371210799508	0.500240625297196	0.636607548931844	0.798381966059855
chr2	74853000	74854000	0.755788400712286	0.711276526598159	0.756668827336572	0.482553442248848	0.599149373046492	0.757476006058933
chr2	74854000	74855000	0.855095426319363	0.806328335650221	0.833987890103289	0.559092976283457	0.674488364019065	0.886707778287224
chr2	74855000	74856000	0.916280990157434	0.865962698096209	0.805205705557699	0.584633221927137	0.707971476697333	0.966747951387173
chr2	74856000	74857000	0.868626319590283	0.833136314767789	0.795556777972615	0.546190568756663	0.665256030803271	0.92357577559154
chr2	74857000	74858000	0.806795609660835	0.754533645484076	0.74987540063968	0.507776470849271	0.629154495839572	0.859857719638436
chr2	74858000	74859000	0.75102259568447	0.703224587839789	0.69851787525072	0.485632475954767	0.579296663151659	0.808131890993401
chr2	74859000	74860000	0.603783052918506	0.578882826812075	0.526221994940599	0.404269736186401	0.498056843429043	0.666095297407515
chr2	74860000	74861000	0.529621103910338	0.496566925944903	0.504793008298397	0.373982147012831	0.430806297842647	0.551166108428471
chr2	74861000	74862000	0.475389421173749	0.433720118774587	0.431340139766381	0.347706998941985	0.372304739855287	0.508022795440342
chr2	74862000	74863000	0.474666884360578	0.487887814570456	0.453332275935396	0.374426965044416	0.363272831611863	0.536418862155489
chr2	74863000	74864000	0.564594921524051	0.556385701767154	0.508451515926269	0.429579275960176	0.416581838158504	0.624673155339988
chr2	74864000	74865000	0.672478662458402	0.645466263148057	0.613049809496375	0.495517012096704	0.442305022444229	0.73113610200912
chr2	74865000	74866000	0.650301126516325	0.664556439614896	0.643967602369159	0.483998109335812	0.427192972951407	0.779823410387325
chr2	74866000	74867000	0.704522300653239	0.653343686951459	0.621034216428791	0.494612793858488	0.46832936572082	0.802369146694396
chr2	74867000	74868000	0.788964968300792	0.742526315845916	0.678656634663477	0.548333516275354	0.545547329669412	0.924256387187767
chr2	74868000	74869000	0.793694424279707	0.767602222842949	0.730447267870457	0.533406979004024	0.585735448776587	0.933817135817075
chr2	74869000	74870000	0.770427628927193	0.706214003829523	0.69405848477075	0.47347389397602	0.572437575389129	0.837167241528798
chr2	74870000	74871000	0.743702209412607	0.670477681557047	0.679955869520339	0.445763762351074	0.568671282520799	0.760901578320847
chr2	74871000	74872000	0.759501480528418	0.750644028883668	0.669569833965172	0.477155077126026	0.602580383655309	0.804456319984604
chr2	74872000	74873000	0.79071579096827	0.712756571188848	0.692994041583133	0.463641864906542	0.604079137849743	0.757388664755966
chr2	74873000	74874000	0.848563892693254	0.712186952081616	0.681295902995498	0.485789247708238	0.620715224296441	0.773776776056833
chr2	74874000	74875000	0.974058195251942	0.78141007709592	0.723323104404723	0.548645370145678	0.665164692491961	0.853700626761125
chr2	74875000	74876000	1.12054686674284	0.862460351993011	0.771768710569202	0.612548392280731	0.729014245334472	0.968936463721206
chr2	74876000	74877000	1.06191416986925	0.792916314567479	0.741435087067014	0.558847705671767	0.655293965271748	0.87286503222386
chr2	74877000	74878000	1.08163951460668	0.802311777724265	0.72834248850099	0.574889402222642	0.631793357700934	0.923731006740035
chr2	74878000	74879000	0.965544224635833	0.719155892978742	0.67691615222728	0.533075035447575	0.548264901208879	0.833708984823187
chr2	74879000	74880000	0.92513488025269	0.73770363077979	0.699860894995732	0.560120610624645	0.569623727478428	0.903747149505369
chr2	74880000	74881000	0.845326451603907	0.715704044086126	0.641492537869562	0.547251592621084	0.527198320331953	0.867805849986638
chr2	74881000	74882000	0.892637561342816	0.751171040613786	0.728804131935959	0.594124777787537	0.568555062924311	0.948073352302351
chr2	74882000	74883000	0.917254993072362	0.772864335581327	0.731859509075686	0.621292295453699	0.61135369121254	0.932839009325381
chr2	74883000	74884000	1.0080420801191	0.88118206536023	0.823372144799203	0.67442241555831	0.6873246999664	1.02410117973066
chr2	74884000	74885000	0.961096248514897	0.842558376069686	0.756840738492759	0.617313610119762	0.63222839793507	0.912784290278976
chr2	74885000	74886000	0.926252823227707	0.818540484040181	0.766697439633173	0.595285708037405	0.640056545581272	0.882390532948401
chr2	74886000	74887000	0.875155015118265	0.761754023478714	0.710445138815065	0.564672913120079	0.616541040423112	0.822301335061064
chr2	74887000	74888000	0.814210980482612	0.726690712521006	0.686917527705544	0.532077937023453	0.594355089566747	0.799419144728979
chr2	74888000	74889000	0.826949402947118	0.720825243251144	0.66590614427834	0.536356341405752	0.572878025503407	0.818177790887776
chr2	74889000	74890000	0.842060848668505	0.757378270101069	0.677512655763271	0.537433357102112	0.578312752363273	0.836425580943907
chr2	74890000	74891000	0.891183575840391	0.793112781104357	0.733291182601523	0.544307835669521	0.5828162780515	0.86879885643768
chr2	74891000	74892000	0.997406108363294	0.844511606200066	0.811775512488019	0.566137836811853	0.593934244229522	0.931855786486039
chr2	74892000	74893000	0.983501595382554	0.822350391250776	0.834851911301612	0.583796824441311	0.578026547629683	0.902587646101357
chr2	74893000	74894000	0.880186737888897	0.765996135475866	0.791608598762568	0.563974555389952	0.577230322259196	0.866725252466294
chr2	74894000	74895000	0.845943746070123	0.740784021164087	0.780474657052812	0.56871146198002	0.561794503608983	0.8357192629066
chr2	74895000	74896000	0.843148345186277	0.755949081678431	0.711317627686288	0.593565740420508	0.590651585885674	0.8136230010995
chr2	74896000	74897000	0.815158122567813	0.742877989444318	0.677035648120825	0.603182833642303	0.617540114150949	0.787766355571443
chr2	74897000	74898000	0.795011265422187	0.721988534956522	0.657215668151419	0.539862914775964	0.577524832270724	0.758332890333016
chr2	74898000	74899000	0.824541334032284	0.715898112853509	0.659047958166675	0.510050852296845	0.555225917090182	0.714871488553213
chr2	74899000	74900000	0.779857082717124	0.651229665486126	0.607400696269839	0.472325368915413	0.529551067416019	0.676119616184327
chr2	74900000	74901000	0.718479739431179	0.559372351491945	0.576581830718953	0.413001634182189	0.458064175644226	0.622018753272083
chr2	74901000	74902000	0.551715044830058	0.438705494284624	0.444600621260394	0.313449736353297	0.341439630049966	0.491025974338328
chr2	74902000	74903000	0.489422522677396	0.400446971063162	0.359002848615338	0.290859325113875	0.324086140062499	0.441848139273839
chr2	74903000	74904000	0.551319815494163	0.468188330361343	0.415307975811102	0.340349629247618	0.368460674755451	0.507511274220573
chr2	74904000	74905000	0.611277517955355	0.544821830319914	0.463183386978101	0.373328205122082	0.410804585445289	0.575459085368249
chr2	74905000	74906000	0.742681866166227	0.693607514807121	0.534536943412381	0.440689240199491	0.470103255480569	0.647938404834353
chr2	74906000	74907000	0.894386027505788	0.821121863014837	0.641510971521132	0.515860982784869	0.540534913134736	0.729762089033451
chr2	74907000	74908000	0.934535686020978	0.848253723185881	0.666342177847028	0.538796455998221	0.558977329001721	0.742974069535603
chr2	74908000	74909000	0.89834261580977	0.802802565526528	0.595118382434193	0.4857984791395	0.493322503164154	0.661208628963043
chr2	74909000	74910000	0.880100388707481	0.760460945651714	0.616735891146906	0.470844649147323	0.468573585595129	0.630599863315123
chr2	74910000	74911000	0.71166368119375	0.59982744474725	0.53588395560167	0.386838260438642	0.399468608735333	0.536506359049174
chr2	74911000	74912000	0.609617846738433	0.515214966857346	0.46295927636728	0.337912121132861	0.365418562891382	0.502945803436673
chr2	74912000	74913000	0.660004961497028	0.577840157898565	0.502768366634651	0.368808636129791	0.381280451256539	0.56073944788559
chr2	74913000	74914000	0.715065392719732	0.625979698751111	0.561294113988874	0.410724465472249	0.417334289830397	0.647336451211768
chr2	74914000	74915000	0.723558606676131	0.630758617706308	0.540791780837183	0.411980404660821	0.423809502134283	0.642636986903673
chr2	74915000	74916000	0.767221136445236	0.690194884964824	0.590062762652453	0.471037166646586	0.473672238184493	0.716420554859838
chr2	74916000	74917000	0.818840649707031	0.738712071492031	0.637471929512559	0.506762325650279	0.472702745252516	0.764154118547832
chr2	74917000	74918000	0.802121532771495	0.704211467941742	0.625825908160165	0.488112392206565	0.464716452360277	0.75422840156318
chr2	74918000	74919000	0.811778270758064	0.772579838888836	0.700977283565165	0.543085293282488	0.554096698096479	0.799257386413457
chr2	74919000	74920000	0.788352202009833	0.746262020694668	0.670518150359305	0.538956047279398	0.51655170910116	0.775490497710307
chr2	74920000	74921000	0.889989990523808	0.758745625854042	0.689085354053425	0.515660659796943	0.516886746767593	0.771641320084622
chr2	74921000	74922000	1.00339723622865	0.852916875560239	0.788635301717365	0.57220239796236	0.65788659638995	0.83151789585808
chr2	74922000	74923000	1.07471972533561	0.898470943948731	0.860368048058758	0.608576432688663	0.744555444082144	0.889729167479027
chr2	74923000	74924000	1.05455100337617	0.848626378960383	0.753828367214618	0.567954112576166	0.679662275932822	0.893317652385181
chr2	74924000	74925000	1.04442624817119	0.89666893662291	0.754720532690751	0.595901834945164	0.689104369568877	0.932710392695251
chr2	74925000	74926000	1.0335477587573	0.94057564688295	0.798358052165387	0.650746185666086	0.723929617712873	0.969382915303233
chr2	74926000	74927000	1.01809912440729	0.941873387539117	0.801814991888506	0.66319763807124	0.692982452900031	0.986314968525788
chr2	74927000	74928000	0.963000304947693	0.922322977646415	0.746976400940854	0.636280010942614	0.652814860722909	0.934599692725566
chr2	74928000	74929000	0.914826013117218	0.865101638886834	0.739982048493764	0.598487232644559	0.65392077942161	0.838635083577568
chr2	74929000	74930000	0.968017951303734	0.885743681838802	0.822490037242799	0.609194964444816	0.728886193067948	0.88037415500526
chr2	74930000	74931000	0.96908688829684	0.869632855507864	0.790721100629184	0.588549035623343	0.723533848905278	0.885106706479654
chr2	74931000	74932000	0.94450478887402	0.832794149266284	0.777438255933456	0.559219736188418	0.721368317376708	0.857267354952627
chr2	74932000	74933000	0.940378696489908	0.818307442304832	0.810836077605713	0.572236811046115	0.703314949777156	0.855064801065009
chr2	74933000	74934000	0.920226803617846	0.811371091623102	0.797477219816987	0.589198623065124	0.69134327849206	0.880746878538404
chr2	74934000	74935000	0.939936831945739	0.785763921883568	0.725328577643382	0.590239481313483	0.672084729788331	0.870837636276378
chr2	74935000	74936000	0.936216374023166	0.792785916586516	0.760890787261742	0.599382862281557	0.683679562798174	0.881691562921076
chr2	74936000	74937000	0.928017043765271	0.838448784250322	0.829699322161381	0.625968140035153	0.676601863874073	0.934699206199619
chr2	74937000	74938000	0.946801738861084	0.873929738595098	0.860777683638859	0.650430072343542	0.686642447736393	0.969049141774787
chr2	74938000	74939000	0.928612176231091	0.824693304997518	0.82691969339907	0.602417677330938	0.633718773693389	0.876729071569411
chr2	74939000	74940000	0.822823747938312	0.726421102966635	0.771945484920579	0.518716376623177	0.551076910191395	0.750111602593949
chr2	74940000	74941000	0.747159287604747	0.639095993679164	0.69334926179125	0.460528338147347	0.480687772079055	0.635487290447576
chr2	74941000	74942000	0.731763480965092	0.607842324968218	0.637063931574285	0.436001177290233	0.452281472046365	0.571277117906453
chr2	74942000	74943000	0.659412610181845	0.534182523448004	0.556766622308443	0.373110979139205	0.391984300248931	0.482555069073295
chr2	74943000	74944000	0.73013220386503	0.679604833134034	0.664545277517236	0.449879306592863	0.463490855139546	0.615194416027312
chr2	74944000	74945000	0.789241062819333	0.819223937339698	0.782856582663986	0.514330665732936	0.525512244089101	0.732437439371563
chr2	74945000	74946000	0.881940226344613	0.90884077033449	0.843812029519049	0.561372224512807	0.565119330939735	0.804432908031232
chr2	74946000	74947000	0.843456463266516	0.902525578251908	0.832216622488781	0.553571197795031	0.560118582243433	0.807665986883055
chr2	74947000	74948000	0.84932493840429	1.00222813253484	0.908937099346993	0.583899319026821	0.61129809756173	0.889014857775984
chr2	74948000	74949000	0.744835369911531	0.870854376369168	0.812630934049191	0.513776667354003	0.532027751510699	0.765217047635567
chr2	74949000	74950000	0.861023208457318	0.949113685870592	0.89695984193318	0.594984391487451	0.632177680609466	0.825307113716211
chr2	74950000	74951000	0.757520998814711	0.907080256020174	0.874969988650126	0.584732607581561	0.630137465494727	0.819527776583558
chr2	74951000	74952000	0.757983960603958	0.929448975230466	0.868534112801629	0.582245956133078	0.663500954645427	0.82668462710029
chr2	74952000	74953000	0.837344656944184	0.94269567160626	0.875066716147246	0.595820962450985	0.731569839508568	0.848943909280119
chr2	74953000	74954000	0.978689053210263	1.0751051965324	0.994582983705503	0.669501674802811	0.84529243738932	0.960603897521223
chr2	74954000	74955000	0.894882974283545	1.03863256088061	0.998643070199391	0.61634395914819	0.80285872499552	0.950273181300019
chr2	74955000	74956000	0.890301997734788	0.995905129084879	0.967341011683444	0.5706649879177	0.772228436179774	0.894992528303703
chr2	74956000	74957000	1.0402835984493	1.04945308125918	1.08856588721227	0.649523053883701	0.819088560072973	0.982485885059045
chr2	74957000	74958000	1.13782208203593	1.14650633145796	1.1629296221061	0.73177028751967	0.84081500409803	1.0879345342967
chr2	74969000	74970000	1.29207413451007	1.28048264675997	1.29693834669044	0.804781899028088	0.916079177014685	1.19086329313951
chr2	74970000	74971000	1.04198312548907	1.02698920825699	1.04975680894032	0.653900934887732	0.7529317021236	0.943266972307893
chr2	74971000	74972000	0.769217860207048	0.789233831889153	0.784039763706992	0.511430417325457	0.594312043819413	0.696687087290653
chr2	74972000	74973000	0.609682796280318	0.569232620610727	0.588248397789132	0.387760058433766	0.49370873649721	0.509650416214824
chr2	74973000	74974000	0.626365248900169	0.60442941430069	0.556914252038265	0.437604822981347	0.457682132441509	0.527031208607121
chr2	74974000	74975000	0.663071730921549	0.646934181106635	0.594965668589166	0.457636842389789	0.438001171312632	0.552020029683158
chr2	74975000	74976000	0.738003094242264	0.739630398438132	0.64243725196399	0.518509422631343	0.469357293474304	0.652318227102275
chr2	74976000	74977000	0.776607763304681	0.802080293706087	0.686047327749704	0.55000767720744	0.524266084757492	0.687235801056715
chr2	74977000	74978000	0.915471150714569	0.952172536430424	0.816321947454672	0.639402145828279	0.623256640918818	0.801343660812051
chr2	74978000	74979000	0.910448272603297	0.907953731787569	0.821713839570111	0.601941582390638	0.647317098936055	0.763617191229932
chr2	74979000	74980000	0.860953964002306	0.861683300428841	0.772445807303237	0.580035011970556	0.689743752768961	0.733334118115415
chr2	74980000	74981000	0.882210418699143	0.865640642614313	0.75172129470246	0.589935986164856	0.728073254450586	0.727020685130761
chr2	74981000	74982000	0.906929863841555	0.854447869317695	0.737253600688323	0.605687484438175	0.72306171075964	0.746165613028114
chr2	74982000	74983000	0.809828172058324	0.726009360369493	0.613233540056936	0.512403029874841	0.619399712605715	0.631845203398046
chr2	74983000	74984000	0.772919493029515	0.714835861280444	0.564839791828141	0.482913551725121	0.600247181775617	0.636686594785583
chr2	74984000	74985000	0.766010500064375	0.698550303628349	0.596203642887467	0.44896524188522	0.551099217476548	0.600626992205382
chr2	74985000	74986000	0.742755532955279	0.681314741177201	0.660306460606029	0.420794943395825	0.535645274604531	0.565006407142703
chr2	74986000	74987000	0.715782989057867	0.675763066012407	0.701337844951785	0.4060020816682	0.519038260782197	0.55286131269114
chr2	74987000	74988000	0.767995202243377	0.751895657564737	0.788778712462589	0.466614552827964	0.579445404372395	0.638114355301141
chr2	74988000	74989000	0.653281038294638	0.632322450759161	0.684154885861973	0.391574693465552	0.461944709290181	0.504300162646217
chr2	74989000	74990000	0.585350779955496	0.564562011744024	0.546449913490952	0.36738189254789	0.425997306367201	0.453961419817527
chr2	74990000	74991000	0.522136563872459	0.506683975423609	0.452567968502829	0.33430753132215	0.383800200946298	0.405902143420486
chr2	74991000	74992000	0.556057117863276	0.5406996795466	0.458248617021546	0.344086627574908	0.399157201179297	0.449946274022117
chr2	74992000	74993000	0.610583230134429	0.60532697389865	0.531419247360567	0.384709851864843	0.471109361580907	0.492857549409101
chr2	74993000	74994000	0.726295101921815	0.664099377700189	0.606258835584606	0.441706277363206	0.551655808185149	0.572049203726954
chr2	74994000	74995000	0.727415036769985	0.667832104932909	0.611473045497496	0.435243940746448	0.561896846916831	0.602470859535845
chr2	74995000	74996000	0.757559573547549	0.664587866151882	0.641575200122794	0.43031088099552	0.551030101517586	0.62365908498806
chr2	74996000	74997000	0.789745805683547	0.673540137419775	0.669143691974177	0.456004596278785	0.582821156838474	0.644420431756516
chr2	74997000	74998000	0.647107390245394	0.542049114944318	0.525718561229892	0.362855966296953	0.454991981044603	0.539051342811403
chr2	74998000	74999000	0.631708847667579	0.60480921323064	0.527929414493604	0.362491623208729	0.401191649680779	0.559341244699853
chr2	74999000	75000000	0.71132093692833	0.652926757410229	0.600313180774928	0.396658112364138	0.414104126183366	0.599961327653946
chr2	75000000	75001000	0.753005835232051	0.689444081554556	0.603559707441065	0.422133467118677	0.459032861013516	0.609916991678514
chr2	75001000	75002000	0.76009834020805	0.688424558168555	0.588024912271878	0.394501275825262	0.420914262941147	0.582861890456383
chr2	75002000	75003000	0.902274428782788	0.809824903129267	0.702583460483804	0.49371560207114	0.544427488501422	0.688700525082768
chr2	75003000	75004000	0.854624565643084	0.773852791343378	0.696484696566895	0.506605693249763	0.559069334188225	0.665416584185957
chr2	75004000	75005000	0.832646620281506	0.785455983949082	0.746189140998374	0.537901099460941	0.583795420783615	0.715107230970814
chr2	75005000	75006000	0.843071172541334	0.823290469208587	0.788763854351466	0.588984102314303	0.584082837864718	0.784126181796609
chr2	75006000	75007000	0.854962614785444	0.881243517924037	0.830859693065126	0.639335758659971	0.647296874003973	0.834657903061204
chr2	75007000	75008000	0.838655503776399	0.864347200100238	0.803677234220232	0.602539418786718	0.581061929386058	0.805602315291848
chr2	75008000	75009000	0.920180825826606	0.885726732717946	0.848141940567926	0.608143191435259	0.647864753654664	0.854595236578809
chr2	75009000	75010000	0.936695191377722	0.881173881645457	0.827534751350482	0.583549899129068	0.639272572158121	0.808295897082058
chr2	75010000	75011000	0.916024214881193	0.89582605473688	0.830491576093416	0.545455586683757	0.658384690794384	0.785610621827402
chr2	75011000	75012000	0.883254724748812	0.825811643163637	0.822053172861616	0.505227077846272	0.590356625485604	0.731554928909957
chr2	75012000	75013000	0.761128513020473	0.731334526320387	0.737398118765058	0.450648415441976	0.563838008905536	0.669246686261773
chr2	75013000	75014000	0.783855488412468	0.761393685100617	0.790643260316669	0.487941421728493	0.592207508244208	0.695027657254858
chr2	75014000	75015000	0.79721112608078	0.767742030927897	0.822301770804497	0.496688951486125	0.613740728585033	0.706253757891568
chr2	75015000	75016000	0.819854909046891	0.748596426923389	0.832174691011121	0.505994728315934	0.621715186910516	0.707341216608715
chr2	75016000	75017000	0.779693492530294	0.750582144774763	0.775864796596927	0.519172919679302	0.620755559658026	0.724184277378202
chr2	75017000	75018000	0.80877558126314	0.750218496801635	0.795943572402608	0.538955453880104	0.598731919290012	0.711454592234161
chr2	75018000	75019000	0.720737329489228	0.696577820893136	0.732675503531459	0.485920060438734	0.552590533974348	0.650417889917444
chr2	75019000	75020000	0.739971636596342	0.76106898699422	0.732850184992136	0.496750582488863	0.545697338723466	0.672472181555582
chr2	75020000	75021000	0.769124790925412	0.758315000246062	0.711290836462592	0.519552849697139	0.56050944099688	0.671151675216355
chr2	75021000	75022000	0.787482266546267	0.784257699276728	0.794519644081005	0.531451645167318	0.61366353935087	0.719057286306266
chr2	75022000	75023000	0.780704318005103	0.774045257122768	0.797640165319797	0.52099682745547	0.636257645879908	0.747686252022634
chr2	75023000	75024000	0.863888064717302	0.793786288630877	0.832082715572313	0.541946832478871	0.644759490259051	0.782395934631056
chr2	75024000	75025000	0.863146116081741	0.743834371045343	0.782506211191782	0.5465121937108	0.65728703661275	0.73143689197114
chr2	75025000	75026000	0.910070150329142	0.77572558445616	0.842778319678881	0.528006491410816	0.642749656742828	0.74613212041924
chr2	75026000	75027000	0.941120248747473	0.756745002032787	0.800238400914439	0.496379730516083	0.614454781359022	0.682131948122659
chr2	75027000	75028000	1.00904100606101	0.805617036799412	0.850235296086125	0.509112440891112	0.665498117827403	0.727880091978421
chr2	75028000	75029000	0.95201806155851	0.774471876188752	0.807121463834738	0.478674245410053	0.650565005552219	0.691515796159878
chr2	75029000	75030000	0.903262875618815	0.761974835839422	0.846789717128612	0.451566529616526	0.623177590793138	0.71708477628628
chr2	75030000	75031000	0.794161931439459	0.741234365724382	0.810886468946749	0.443658844675857	0.610130652014791	0.695286447326038
chr2	75031000	75032000	0.725166919537809	0.699696740972701	0.771837882921075	0.415106704282607	0.559195120959503	0.640145798528524
chr2	75032000	75033000	0.66865543410812	0.67527748097883	0.721130376000458	0.407336682274197	0.50090641174633	0.577285184873245
chr2	75033000	75034000	0.688180850044257	0.702269191901973	0.745777768388882	0.424707964943473	0.492951029825857	0.609248776817788
chr2	75034000	75035000	0.726672491217565	0.753778198741494	0.70771818940913	0.448369673666888	0.507179315250959	0.626953778398863
chr2	75035000	75036000	0.789693760540196	0.766941853615915	0.765824691878725	0.472835375805032	0.526279368101416	0.642378694366212
chr2	75036000	75037000	0.838396037930753	0.812736162566012	0.804137824793181	0.501529418111105	0.574794343180642	0.688692208980844
chr2	75037000	75038000	0.877169873640689	0.851556435473231	0.910212496244315	0.540452137783079	0.649111553021604	0.766714144392861
chr2	75038000	75039000	0.907630113379842	0.92415137437357	0.959537515447686	0.58755439107929	0.705360921851138	0.794356013232346
chr2	75039000	75040000	0.843866553423704	0.833590693634407	0.986471716437574	0.54473588637132	0.689970602403075	0.735416806456921
chr2	75040000	75041000	0.810571918020163	0.769008627752969	0.887307688724098	0.502229363563419	0.658837316983301	0.68248370751544
chr2	75041000	75042000	0.800707628749881	0.733087347785477	0.811078218812657	0.478605121301583	0.617324920864433	0.652782292809433
chr2	75042000	75043000	0.848199987838705	0.742256806783963	0.773684508893113	0.456845132625864	0.559544370069417	0.613432774784797
chr2	75043000	75044000	0.751406720802492	0.594039332577565	0.640313220780574	0.370910885962918	0.461086841701241	0.494162335589547
chr2	75044000	75045000	0.6875143046284	0.538226334973079	0.521274702515132	0.342732001045665	0.399616915698144	0.431370219490331
chr2	75045000	75046000	0.664420192564347	0.586836699166417	0.549397980639957	0.352416084990984	0.380332543468148	0.483242928032582
chr2	75046000	75047000	0.702710640743783	0.715875213171601	0.741732512564459	0.430432064170688	0.451119655975531	0.61260641834937
chr2	75047000	75048000	0.678162558836981	0.70575401574884	0.697917867820864	0.447728970389161	0.457210036219356	0.639607077430721
chr2	75048000	75049000	0.79787830769997	0.804816422992382	0.780964324593583	0.496014971311539	0.523596535319044	0.758461546333161
chr2	75060000	75061000	0.892975572925896	0.862684392617028	0.813498035478339	0.481126393847187	0.608046208073972	0.819047182135536
chr2	75061000	75062000	0.900379725047722	0.816992484818496	0.744757552929161	0.4973676322622	0.585745097397383	0.815347796791987
chr2	75062000	75063000	0.993499674955763	0.872070721846319	0.791539932222243	0.553363733558267	0.676429943732953	0.866361005677544
chr2	75063000	75064000	1.08920596692043	1.02772132558499	0.942966973532246	0.631995122573917	0.740769905464519	0.99767299061062
chr2	75064000	75065000	1.12470560541875	1.09961418250859	1.02950608883772	0.686251547413559	0.785194741551317	1.10205275061442
chr2	75065000	75066000	1.14180788747567	1.05662197039007	1.05210969469036	0.68554801417768	0.778192467608534	1.04724457188711
chr2	75066000	75067000	0.964763944223477	0.919168206615852	0.970270538252194	0.606166371790519	0.7013206682151	0.905899941573504
chr2	75067000	75068000	0.884866781494631	0.903983556299125	0.924127910402915	0.551844245873599	0.630943012683005	0.813638428453003
chr2	75068000	75069000	0.845761221267797	0.870795659688771	0.848238813276612	0.499733119981329	0.590446275316515	0.749466588529902
chr2	75069000	75070000	0.767936555017322	0.833377293227236	0.785786982358182	0.44353632284929	0.502861503451702	0.655738409741724
chr2	75070000	75071000	0.77432356423625	0.837952853576964	0.800358963213707	0.448498683565205	0.51214810764203	0.658799252586111
chr2	75071000	75072000	0.856871157626101	0.888649686904987	0.873890597034447	0.480045745389063	0.551765055106686	0.703278250745712
chr2	75072000	75073000	0.821312059258822	0.807246698188942	0.878067794196036	0.460104244450623	0.538855780819282	0.667725286969126
chr2	75073000	75074000	0.757476945603699	0.703176315812279	0.794444108991419	0.432450368398117	0.500196963410602	0.595513875199676
chr2	75074000	75075000	0.82966504576108	0.729577858490224	0.827707079828299	0.465605368679516	0.565644542067273	0.626049881526887
chr2	75075000	75076000	0.832228467444592	0.743360150818048	0.812836204925116	0.460317912933279	0.553405039020323	0.637747319191029
chr2	75076000	75077000	0.820789738479484	0.721446245745176	0.74546468035762	0.44054702554478	0.507857219594022	0.631987808750578
chr2	75077000	75078000	0.85793671631102	0.803684174919897	0.790335542208866	0.463913452820513	0.490018319200244	0.693764180846873
chr2	75078000	75079000	0.916745389613566	0.890266266939952	0.888051918926984	0.486759075293069	0.522564619413259	0.773147427380176
chr2	75079000	75080000	0.877325702301029	0.858528844099219	0.93744802035233	0.493353773325924	0.540078383997318	0.800477691933714
chr2	75080000	75081000	0.779717312380891	0.787546846727811	0.86066915485881	0.457013753610198	0.511717276638463	0.742591513538175
chr2	75081000	75082000	0.67875429431383	0.735368058686622	0.798125118644503	0.441217677908092	0.506963926274168	0.696611227570901
chr2	75082000	75083000	0.681941328713669	0.734134170382932	0.785121623100263	0.460301588522048	0.543826601540855	0.707804937669851
chr2	75083000	75084000	0.663251642696532	0.681730303860076	0.764486801907567	0.453809572394856	0.523411699136728	0.695811744761443
chr2	75084000	75085000	0.722194672460166	0.714225443930911	0.741194995207683	0.459106190653983	0.506669294668235	0.677794778704192
chr2	75085000	75086000	0.755135095991832	0.750159362748361	0.793830373246174	0.465607807529429	0.506166936891775	0.715265558057438
chr2	75086000	75087000	0.862607722644561	0.874153249702846	0.919199398171671	0.50117408810227	0.584178164419921	0.82903516450739
chr2	75087000	75088000	0.766388945270764	0.799798157871234	0.813711194647858	0.451931964085252	0.550271742818312	0.771651892383964
chr2	75088000	75089000	0.732350905401536	0.814373999039493	0.789226230044168	0.478499836574386	0.566432386004781	0.768555728509447
chr2	75089000	75090000	0.663741372156023	0.794889714014925	0.718709994553735	0.45240394846997	0.550630084872097	0.752076428728938
chr2	75090000	75091000	0.700056773770887	0.788893648204532	0.66420429159991	0.456739278296353	0.58363639052916	0.743924418366978
chr2	75091000	75092000	0.705802432534083	0.744450622263992	0.638042081406908	0.437480964822771	0.584641964950721	0.693400069371202
chr2	75092000	75093000	0.794009791499883	0.794483626409118	0.728719533132388	0.482143773488778	0.669554429597559	0.76214879800928
chr2	75093000	75094000	0.778247349322382	0.789991987446726	0.732822291388626	0.488069775126214	0.692057866669712	0.761955713059533
chr2	75094000	75095000	0.852075831682725	0.817600355025284	0.796345538643462	0.523805701353315	0.700244148209261	0.759399942664186
chr2	75095000	75096000	0.802144731630397	0.77207574458728	0.783992131904456	0.495069696624737	0.642994555034717	0.715955831168846
chr2	75096000	75097000	0.817334957789303	0.766768699982292	0.749904902058928	0.502946425028689	0.59050433995304	0.712526630668298
chr2	75097000	75098000	0.806518635505166	0.776886388957758	0.788958214621833	0.503176347377968	0.567079713873805	0.677690144633784
chr2	75098000	75099000	0.792257724368768	0.752226351520386	0.794552694531362	0.488242795508854	0.547529706421378	0.661908290711512
chr2	75099000	75100000	0.687492433308879	0.693061038206539	0.726921063054673	0.449391122560023	0.539004209329134	0.660093140407678
chr2	75100000	75101000	0.736877319618351	0.766484122317927	0.813401335979496	0.492342430892119	0.584226303137423	0.735808529542462
chr2	75101000	75102000	0.660233251241819	0.707883309353086	0.819549476517656	0.47239593036133	0.56865492041685	0.714701761683616
chr2	75102000	75103000	0.606572141077326	0.679344514655418	0.752542637589498	0.436522662123221	0.510265500848976	0.670787985814216
chr2	75103000	75104000	0.649442955178743	0.683692715648819	0.72386283538115	0.432842025101708	0.50204251465899	0.635908513317363
chr2	75104000	75105000	0.643988130169799	0.674041142812998	0.734842847706659	0.427197174887989	0.487810289974696	0.607111626845695
chr2	75105000	75106000	0.611710106141085	0.637906108160572	0.696712180709892	0.40967382369015	0.473709524814106	0.549792826727937
chr2	75106000	75107000	0.617180511715249	0.676696029672889	0.713416826780128	0.424550010488702	0.491081669421796	0.54021527128246
chr2	75107000	75108000	0.613625652973191	0.654915216788902	0.713409337537917	0.435549411645024	0.501086120967421	0.534467014237294
chr2	75108000	75109000	0.561139200698523	0.606114098437972	0.667818135430281	0.398117645275172	0.476863660295833	0.503054707911832
chr2	75109000	75110000	0.620923574754046	0.596937179217405	0.701700319090311	0.406727148873843	0.46826682826532	0.516283313879741
chr2	75110000	75111000	0.623985301313889	0.585131778594987	0.710438787782581	0.416146212528274	0.465949142115225	0.517141890082912
chr2	75111000	75112000	0.657009474981049	0.613563998470226	0.770397706631531	0.452651017266858	0.495579123829648	0.553772876261295
chr2	75112000	75113000	0.682243943762895	0.604390973962721	0.778866961470764	0.441113923975922	0.502911595647712	0.572012129973389
chr2	75113000	75114000	0.680965862560289	0.602605650729141	0.791635206871296	0.430667086625345	0.512620851718987	0.578440524674418
chr2	75114000	75115000	0.692784858524901	0.666001660518442	0.77718714139524	0.429863106517038	0.516381989356888	0.570485534967438
chr2	75115000	75116000	0.722469086159459	0.667408050863409	0.764350026942394	0.431328198961188	0.519619448617528	0.567308294006541
chr2	75116000	75117000	0.732623190025837	0.705209504898283	0.74374447863708	0.440417918701096	0.5347304463392	0.606357409834096
chr2	75117000	75118000	0.803925825272103	0.778509631105135	0.761530549662486	0.498023557779618	0.562863116471376	0.66666893855037
chr2	75118000	75119000	0.890851600714921	0.837051662212725	0.82959725419504	0.532112586933513	0.565985918390158	0.69076842207571
chr2	75119000	75120000	0.934174118846823	0.86673865057997	0.825817823296287	0.570414761668764	0.61838987883505	0.755687845993073
chr2	75120000	75121000	1.04462930893472	0.968334106213364	0.910581458364851	0.629948278621762	0.71674958673042	0.854268780751674
chr2	75121000	75122000	1.08735891163449	0.924193970741931	0.899339307002354	0.610126236124097	0.676931426553042	0.821527127046627
chr2	75122000	75123000	1.00109973408638	0.833878963795562	0.837935890515699	0.540790257606096	0.590276186467641	0.732008506538794
chr2	75123000	75124000	0.909403661590217	0.810348082456724	0.74371439723805	0.535436195198211	0.588685663264237	0.710594814245792
chr2	75124000	75125000	0.882753596771424	0.767650951515805	0.719443938387422	0.523290818627466	0.560719802321129	0.678351537678709
chr2	75125000	75126000	0.864223737145197	0.738598087227089	0.722410235034478	0.525695770290466	0.535613673993882	0.695125380507405
